Best solution in generation 0 is: x = [8, 10, 9, 9, 7, 7, 8, 11, 4, 5, 1, 11, 5, 7, 5, 6, 9, 7, 6, 10, 5, 10, 2, 7, 6, 10, 10, 6, 5, 6, 9, 9, 11, 2, 4, 11, 7, 2, 6, 9, 2, 2, 9, 8, 1, 6, 5, 6, 9, 8, 10, 2, 5, 8, 7, 11, 1, 7, 7, 1, 8, 4] f(x) = 0.05728610418891665
Best solution in generation 1 is: x = [8, 10, 9, 9, 7, 7, 8, 11, 4, 5, 1, 11, 5, 7, 5, 6, 9, 7, 6, 10, 5, 10, 2, 7, 6, 10, 10, 6, 5, 6, 9, 9, 11, 2, 4, 11, 7, 2, 6, 9, 2, 2, 9, 8, 1, 6, 5, 6, 9, 8, 2, 2, 5, 8, 7, 11, 1, 7, 7, 1, 8, 4] f(x) = 0.06365452315968521
Best solution in generation 2 is: x = [8, 10, 9, 9, 7, 7, 8, 11, 4, 5, 1, 11, 5, 7, 5, 6, 9, 7, 6, 10, 5, 10, 2, 7, 6, 10, 10, 6, 5, 6, 9, 9, 11, 2, 4, 11, 7, 2, 6, 9, 2, 2, 9, 8, 6, 6, 5, 6, 9, 8, 2, 2, 5, 8, 7, 11, 1, 7, 7, 1, 8, 4] f(x) = 0.06679917724773553
Best solution in generation 3 is: x = [8, 10, 9, 9, 7, 7, 8, 11, 4, 5, 1, 11, 5, 7, 5, 6, 9, 7, 6, 10, 5, 10, 2, 7, 6, 10, 10, 6, 5, 6, 9, 9, 11, 2, 4, 11, 7, 2, 6, 9, 2, 2, 9, 8, 6, 6, 5, 6, 9, 8, 2, 2, 5, 8, 7, 11, 1, 7, 7, 10, 8, 4] f(x) = 0.06679917724773553
Best solution in generation 4 is: x = [8, 10, 9, 9, 7, 7, 8, 11, 4, 5, 1, 11, 5, 7, 5, 6, 9, 7, 6, 10, 5, 10, 2, 7, 6, 10, 10, 6, 5, 6, 9, 9, 11, 2, 4, 11, 7, 2, 6, 9, 2, 2, 9, 8, 6, 6, 5, 6, 9, 8, 2, 2, 5, 8, 7, 3, 1, 7, 7, 10, 8, 4] f(x) = 0.06679917724773553
Best solution in generation 5 is: x = [8, 10, 9, 9, 7, 7, 8, 11, 4, 5, 1, 11, 5, 7, 5, 6, 9, 7, 6, 10, 7, 10, 2, 7, 6, 10, 10, 6, 5, 6, 9, 9, 11, 2, 6, 11, 7, 2, 6, 9, 2, 2, 9, 8, 6, 6, 5, 6, 9, 8, 2, 2, 5, 8, 7, 11, 1, 7, 7, 10, 8, 4] f(x) = 0.06816383845575737
Best solution in generation 6 is: x = [8, 10, 9, 9, 7, 7, 8, 11, 4, 5, 1, 11, 5, 7, 5, 6, 9, 7, 6, 10, 5, 10, 2, 7, 6, 10, 10, 10, 5, 6, 9, 9, 11, 2, 4, 11, 7, 2, 6, 9, 2, 2, 9, 8, 6, 6, 5, 6, 9, 8, 10, 2, 5, 8, 7, 3, 1, 7, 7, 10, 8, 4] f(x) = 0.06986472054111792
Best solution in generation 7 is: x = [9, 11, 2, 8, 2, 8, 5, 5, 5, 5, 5, 8, 5, 5, 4, 10, 11, 11, 10, 5, 10, 6, 4, 6, 6, 9, 8, 11, 4, 10, 7, 10, 10, 8, 5, 10, 1, 6, 7, 11, 3, 11, 1, 4, 11, 6, 10, 5, 11, 5, 1, 6, 1, 5, 5, 1, 4, 5, 3, 6, 1, 7] f(x) = 0.07295004153316736
Best solution in generation 8 is: x = [3, 10, 9, 9, 7, 7, 8, 11, 4, 5, 1, 11, 5, 7, 5, 6, 9, 7, 6, 10, 5, 10, 2, 7, 6, 10, 10, 6, 5, 6, 9, 9, 7, 2, 4, 11, 7, 2, 6, 9, 2, 2, 9, 8, 6, 6, 5, 6, 9, 8, 9, 2, 5, 8, 7, 3, 1, 7, 7, 10, 8, 4] f(x) = 0.0705964953917963
Best solution in generation 9 is: x = [8, 10, 2, 9, 7, 7, 8, 11, 4, 5, 1, 11, 5, 7, 2, 6, 9, 7, 6, 10, 5, 10, 2, 7, 6, 10, 10, 6, 5, 6, 9, 9, 11, 2, 4, 11, 7, 2, 2, 4, 2, 2, 9, 8, 1, 6, 5, 6, 3, 8, 2, 2, 10, 8, 7, 11, 1, 7, 7, 1, 8, 4] f(x) = 0.07522447687987034
Best solution in generation 10 is: x = [8, 10, 9, 9, 7, 7, 8, 11, 4, 5, 1, 11, 5, 7, 5, 6, 9, 7, 6, 10, 6, 3, 3, 7, 6, 10, 10, 6, 5, 6, 9, 9, 7, 2, 4, 11, 7, 2, 6, 9, 2, 2, 9, 8, 6, 6, 5, 6, 9, 8, 9, 2, 5, 8, 7, 3, 1, 7, 7, 10, 8, 4] f(x) = 0.07929868280526889
Best solution in generation 11 is: x = [3, 3, 11, 8, 3, 7, 5, 6, 1, 8, 11, 2, 1, 5, 8, 9, 11, 5, 1, 6, 11, 8, 4, 1, 8, 1, 8, 1, 1, 8, 6, 3, 1, 7, 8, 8, 9, 9, 11, 3, 8, 5, 5, 9, 5, 8, 5, 1, 8, 3, 11, 9, 10, 10, 3, 9, 7, 5, 1, 1, 8, 6] f(x) = 0.07945690439460487
Best solution in generation 12 is: x = [3, 3, 11, 8, 3, 7, 5, 6, 1, 8, 11, 2, 1, 5, 8, 9, 11, 5, 1, 6, 11, 8, 4, 1, 8, 1, 8, 1, 1, 8, 6, 3, 10, 7, 8, 8, 9, 9, 11, 3, 8, 5, 5, 9, 5, 8, 5, 1, 8, 3, 11, 9, 10, 10, 3, 9, 7, 5, 1, 1, 8, 6] f(x) = 0.07981290297061057
Best solution in generation 13 is: x = [8, 10, 9, 9, 7, 7, 8, 11, 4, 5, 1, 11, 5, 7, 5, 6, 9, 7, 6, 10, 6, 3, 3, 7, 6, 10, 10, 6, 5, 6, 9, 9, 11, 2, 4, 11, 7, 2, 6, 9, 2, 2, 9, 8, 6, 6, 5, 6, 9, 1, 9, 3, 5, 8, 7, 3, 1, 7, 7, 10, 8, 4] f(x) = 0.08293777935999377
Best solution in generation 14 is: x = [8, 10, 9, 9, 7, 7, 8, 11, 4, 5, 1, 11, 5, 7, 5, 6, 9, 7, 6, 10, 6, 6, 3, 7, 6, 10, 10, 6, 5, 6, 9, 9, 11, 2, 4, 11, 7, 2, 6, 9, 2, 2, 9, 8, 6, 6, 5, 6, 9, 1, 9, 3, 5, 8, 7, 3, 1, 7, 7, 10, 8, 4] f(x) = 0.08606265574937713
Best solution in generation 15 is: x = [9, 11, 2, 8, 6, 8, 10, 5, 5, 5, 5, 8, 5, 5, 4, 6, 11, 11, 10, 5, 10, 6, 4, 6, 6, 9, 8, 11, 4, 10, 7, 2, 10, 8, 5, 10, 1, 6, 1, 1, 5, 11, 5, 4, 11, 6, 10, 5, 11, 5, 1, 6, 1, 9, 5, 1, 4, 5, 3, 6, 7, 2] f(x) = 0.0853506585973658
Best solution in generation 16 is: x = [8, 10, 9, 9, 7, 7, 8, 11, 4, 5, 1, 11, 5, 7, 2, 6, 9, 7, 6, 10, 5, 10, 2, 7, 6, 10, 10, 6, 5, 6, 9, 9, 7, 2, 7, 11, 7, 2, 6, 9, 2, 9, 9, 8, 6, 6, 5, 9, 9, 8, 9, 10, 5, 8, 7, 3, 1, 7, 7, 10, 8, 9] f(x) = 0.08764487164273585
Best solution in generation 17 is: x = [8, 10, 9, 9, 7, 7, 7, 11, 4, 5, 9, 11, 5, 7, 3, 6, 9, 7, 6, 10, 5, 10, 2, 4, 6, 10, 10, 8, 5, 6, 9, 9, 7, 2, 2, 6, 7, 2, 6, 9, 6, 2, 9, 4, 6, 6, 5, 6, 9, 8, 9, 2, 5, 8, 7, 3, 1, 7, 7, 10, 8, 4] f(x) = 0.08582532336537338
Best solution in generation 18 is: x = [8, 10, 9, 1, 7, 7, 8, 11, 4, 5, 9, 11, 5, 7, 3, 6, 9, 7, 6, 10, 5, 10, 2, 7, 6, 10, 10, 10, 5, 6, 9, 9, 7, 2, 8, 11, 6, 2, 6, 7, 6, 5, 9, 8, 6, 6, 9, 6, 9, 8, 9, 2, 5, 8, 7, 3, 1, 7, 7, 10, 8, 4] f(x) = 0.08962264150943414
Best solution in generation 19 is: x = [8, 10, 9, 9, 7, 7, 8, 11, 4, 5, 1, 11, 5, 7, 2, 6, 9, 7, 6, 10, 10, 2, 2, 7, 6, 10, 10, 6, 10, 6, 9, 5, 7, 2, 8, 11, 7, 2, 6, 9, 2, 2, 9, 5, 6, 6, 5, 6, 9, 8, 9, 2, 5, 8, 7, 9, 1, 7, 7, 10, 8, 9] f(x) = 0.09260907400814855
Best solution in generation 20 is: x = [8, 10, 9, 9, 7, 7, 8, 11, 4, 7, 1, 11, 5, 7, 2, 6, 9, 7, 6, 10, 10, 10, 2, 7, 6, 10, 10, 6, 10, 6, 9, 9, 7, 2, 8, 11, 7, 2, 6, 9, 2, 2, 9, 5, 6, 6, 5, 6, 9, 8, 9, 2, 5, 8, 7, 9, 1, 7, 7, 10, 8, 9] f(x) = 0.09721727779755564
Best solution in generation 21 is: x = [8, 10, 9, 9, 7, 7, 5, 11, 4, 5, 1, 11, 5, 7, 2, 6, 9, 7, 6, 10, 10, 2, 2, 7, 6, 10, 10, 6, 10, 6, 9, 7, 7, 2, 8, 11, 7, 2, 6, 9, 2, 2, 9, 5, 6, 6, 5, 6, 9, 8, 9, 2, 5, 8, 7, 9, 1, 7, 7, 10, 8, 9] f(x) = 0.09901704837625107
Best solution in generation 22 is: x = [8, 10, 9, 9, 7, 7, 5, 11, 4, 5, 1, 11, 5, 7, 2, 6, 9, 7, 6, 10, 10, 2, 2, 7, 6, 10, 10, 6, 10, 6, 9, 7, 7, 2, 8, 11, 2, 2, 6, 9, 2, 2, 9, 5, 6, 6, 5, 6, 9, 8, 9, 2, 5, 8, 7, 9, 1, 7, 7, 10, 8, 9] f(x) = 0.10144970531228997
Best solution in generation 23 is: x = [8, 10, 9, 9, 7, 7, 5, 11, 4, 5, 1, 11, 5, 7, 2, 6, 9, 7, 6, 10, 10, 2, 2, 7, 6, 10, 10, 6, 10, 6, 9, 7, 7, 2, 8, 11, 7, 2, 6, 9, 2, 2, 9, 5, 6, 6, 5, 6, 7, 8, 9, 2, 5, 8, 7, 9, 1, 7, 7, 10, 8, 9] f(x) = 0.10204303627229949
Best solution in generation 24 is: x = [8, 10, 9, 9, 7, 7, 5, 11, 4, 5, 1, 11, 5, 7, 2, 6, 9, 7, 6, 10, 10, 2, 1, 7, 6, 10, 10, 6, 10, 6, 9, 7, 7, 2, 8, 11, 7, 2, 6, 9, 2, 2, 9, 5, 6, 6, 5, 6, 7, 8, 9, 2, 5, 8, 7, 9, 1, 7, 7, 10, 8, 9] f(x) = 0.10204303627229949
Best solution in generation 25 is: x = [8, 10, 9, 9, 7, 7, 5, 11, 4, 5, 1, 11, 5, 7, 2, 6, 9, 7, 6, 10, 10, 2, 2, 7, 6, 10, 10, 11, 10, 6, 9, 7, 7, 2, 8, 3, 7, 2, 6, 9, 2, 2, 9, 5, 6, 6, 5, 6, 7, 8, 9, 2, 5, 8, 7, 9, 1, 7, 7, 10, 8, 9] f(x) = 0.10518769036034963
Best solution in generation 26 is: x = [8, 10, 9, 9, 7, 7, 5, 11, 4, 5, 1, 11, 5, 7, 2, 6, 9, 7, 6, 10, 10, 2, 2, 7, 6, 10, 10, 6, 10, 6, 10, 7, 7, 2, 8, 3, 7, 2, 6, 9, 2, 2, 9, 5, 6, 6, 5, 6, 7, 8, 2, 2, 5, 8, 7, 9, 1, 7, 7, 10, 8, 9] f(x) = 0.10785767968039235
Best solution in generation 27 is: x = [8, 10, 9, 9, 2, 7, 5, 11, 4, 5, 1, 2, 5, 7, 2, 6, 9, 7, 6, 10, 10, 2, 2, 7, 6, 10, 10, 6, 10, 6, 9, 7, 7, 2, 8, 3, 7, 2, 6, 9, 2, 2, 9, 5, 6, 6, 5, 6, 7, 8, 9, 2, 5, 1, 7, 9, 1, 7, 7, 10, 8, 9] f(x) = 0.10785767968039221
Best solution in generation 28 is: x = [8, 10, 9, 9, 2, 7, 5, 11, 4, 5, 1, 2, 5, 7, 2, 6, 9, 7, 6, 10, 10, 2, 2, 7, 6, 10, 10, 6, 10, 6, 9, 7, 7, 2, 8, 3, 7, 2, 6, 9, 2, 2, 9, 5, 10, 6, 5, 6, 7, 8, 9, 2, 5, 1, 7, 9, 1, 7, 7, 10, 8, 9] f(x) = 0.10785767968039221
Best solution in generation 29 is: x = [8, 10, 9, 9, 2, 7, 5, 11, 4, 5, 1, 2, 5, 7, 2, 6, 9, 7, 6, 10, 10, 2, 2, 7, 6, 10, 10, 6, 10, 6, 9, 7, 7, 2, 8, 3, 7, 2, 6, 9, 2, 2, 9, 5, 6, 6, 5, 6, 7, 8, 9, 2, 5, 1, 7, 9, 1, 7, 8, 10, 8, 9] f(x) = 0.10785767968039221
Best solution in generation 30 is: x = [5, 10, 9, 9, 2, 7, 5, 11, 4, 5, 1, 2, 5, 7, 2, 6, 9, 7, 6, 10, 10, 2, 2, 7, 6, 10, 10, 6, 10, 6, 9, 7, 7, 2, 8, 3, 7, 2, 6, 9, 2, 2, 9, 5, 6, 6, 5, 6, 7, 8, 9, 2, 5, 1, 7, 9, 1, 7, 7, 9, 8, 9] f(x) = 0.10957833946441972
Best solution in generation 31 is: x = [8, 10, 9, 9, 2, 7, 5, 11, 4, 5, 1, 2, 5, 7, 2, 6, 9, 7, 6, 10, 10, 2, 2, 7, 6, 10, 10, 6, 10, 6, 9, 7, 7, 2, 8, 3, 10, 2, 6, 9, 2, 2, 9, 5, 6, 6, 5, 5, 7, 8, 9, 2, 5, 1, 7, 9, 1, 7, 8, 10, 8, 9] f(x) = 0.11406787706182489
Best solution in generation 32 is: x = [8, 10, 9, 4, 7, 7, 1, 3, 4, 1, 1, 11, 2, 7, 2, 6, 2, 7, 6, 10, 5, 10, 2, 7, 6, 10, 10, 6, 5, 6, 9, 9, 7, 2, 7, 11, 7, 2, 6, 9, 2, 2, 9, 9, 6, 6, 5, 5, 9, 7, 6, 2, 5, 9, 7, 3, 1, 7, 6, 7, 8, 9] f(x) = 0.11507653969384106
Best solution in generation 33 is: x = [8, 10, 9, 9, 2, 7, 5, 11, 10, 5, 1, 2, 5, 7, 2, 6, 9, 7, 6, 10, 10, 2, 2, 7, 6, 10, 10, 6, 10, 6, 9, 7, 7, 2, 8, 3, 10, 2, 6, 9, 2, 2, 9, 5, 6, 6, 5, 5, 3, 8, 9, 2, 5, 1, 7, 9, 1, 7, 8, 10, 8, 9] f(x) = 0.11826074917922542
Best solution in generation 34 is: x = [3, 10, 9, 9, 7, 7, 5, 11, 4, 5, 1, 11, 5, 7, 2, 6, 9, 7, 6, 10, 10, 2, 2, 7, 6, 10, 10, 11, 10, 6, 9, 7, 7, 2, 8, 10, 7, 2, 6, 9, 2, 7, 9, 5, 6, 6, 5, 6, 7, 8, 9, 7, 1, 3, 7, 1, 1, 7, 7, 10, 8, 9] f(x) = 0.11824097148055825
Best solution in generation 35 is: x = [3, 10, 9, 9, 7, 7, 5, 11, 4, 5, 1, 11, 5, 7, 2, 6, 9, 7, 6, 10, 10, 2, 2, 7, 6, 10, 10, 11, 10, 6, 9, 7, 7, 2, 8, 10, 7, 2, 6, 9, 2, 7, 9, 5, 6, 6, 5, 6, 7, 8, 9, 7, 1, 3, 7, 1, 1, 7, 7, 8, 8, 9] f(x) = 0.11824097148055825
Best solution in generation 36 is: x = [3, 10, 9, 9, 7, 7, 5, 11, 4, 5, 1, 11, 5, 7, 2, 6, 9, 7, 6, 10, 10, 2, 2, 7, 6, 10, 10, 11, 10, 6, 10, 7, 7, 2, 8, 10, 7, 2, 6, 9, 2, 7, 9, 5, 6, 6, 5, 6, 7, 8, 9, 9, 1, 3, 7, 1, 1, 7, 7, 10, 8, 9] f(x) = 0.11826074917922531
Best solution in generation 37 is: x = [8, 10, 9, 9, 8, 7, 5, 11, 10, 11, 1, 2, 5, 7, 2, 6, 9, 7, 6, 10, 10, 2, 2, 7, 6, 10, 10, 6, 10, 6, 9, 7, 7, 2, 8, 3, 10, 2, 6, 9, 2, 3, 9, 5, 6, 6, 5, 5, 7, 8, 9, 2, 5, 1, 7, 9, 1, 7, 3, 10, 8, 9] f(x) = 0.11675764408053463
Best solution in generation 38 is: x = [8, 10, 9, 9, 8, 7, 5, 11, 10, 11, 1, 2, 5, 7, 2, 6, 9, 7, 6, 10, 10, 2, 2, 7, 6, 10, 10, 6, 10, 6, 9, 7, 7, 2, 8, 3, 10, 2, 6, 9, 2, 3, 9, 5, 9, 6, 5, 5, 7, 8, 9, 2, 2, 1, 7, 9, 1, 7, 8, 10, 8, 9] f(x) = 0.12304695225663528
Best solution in generation 39 is: x = [8, 10, 9, 9, 8, 7, 5, 11, 10, 11, 1, 2, 5, 7, 2, 6, 9, 7, 6, 7, 10, 2, 2, 7, 6, 10, 10, 6, 10, 6, 9, 7, 7, 2, 8, 3, 10, 2, 6, 9, 2, 3, 9, 5, 9, 6, 5, 5, 7, 8, 9, 2, 2, 1, 7, 9, 1, 7, 8, 10, 8, 9] f(x) = 0.123363395435307
Best solution in generation 40 is: x = [8, 10, 9, 9, 8, 7, 5, 11, 10, 11, 1, 2, 5, 7, 2, 6, 9, 7, 6, 7, 10, 2, 2, 7, 6, 10, 10, 6, 10, 6, 9, 7, 7, 2, 8, 3, 10, 2, 6, 9, 2, 3, 9, 1, 9, 6, 5, 5, 7, 8, 9, 2, 2, 1, 7, 9, 1, 7, 8, 10, 8, 9] f(x) = 0.12352161702464286
Best solution in generation 41 is: x = [6, 10, 9, 9, 4, 7, 7, 11, 4, 5, 1, 11, 5, 7, 2, 6, 9, 7, 6, 10, 10, 2, 2, 7, 6, 10, 10, 11, 10, 6, 10, 7, 7, 2, 8, 10, 7, 2, 3, 9, 2, 7, 9, 5, 6, 6, 5, 6, 7, 8, 9, 9, 1, 3, 7, 1, 1, 7, 7, 10, 8, 6] f(x) = 0.12522249911000338
Best solution in generation 42 is: x = [8, 10, 9, 9, 8, 7, 5, 6, 10, 11, 1, 2, 5, 7, 2, 6, 9, 7, 6, 7, 10, 2, 2, 7, 6, 10, 10, 6, 10, 6, 9, 7, 7, 2, 8, 3, 10, 2, 10, 9, 2, 3, 9, 5, 9, 6, 5, 5, 7, 8, 9, 2, 2, 1, 7, 9, 1, 7, 8, 10, 8, 9] f(x) = 0.12747715675803942
Best solution in generation 43 is: x = [8, 10, 9, 9, 8, 7, 5, 6, 10, 1, 1, 2, 5, 7, 2, 6, 9, 7, 6, 7, 10, 2, 2, 7, 6, 10, 10, 6, 10, 6, 9, 7, 7, 2, 8, 3, 10, 2, 6, 9, 2, 3, 9, 5, 9, 6, 5, 5, 7, 8, 9, 2, 2, 1, 7, 9, 1, 7, 6, 10, 8, 9] f(x) = 0.12708160278469977
Best solution in generation 44 is: x = [8, 10, 9, 10, 8, 7, 5, 6, 10, 1, 1, 2, 5, 7, 2, 6, 9, 7, 6, 7, 10, 2, 2, 7, 6, 10, 10, 6, 10, 6, 9, 7, 7, 2, 8, 3, 10, 2, 6, 9, 2, 3, 9, 5, 9, 6, 5, 5, 7, 8, 9, 2, 2, 1, 7, 9, 1, 7, 6, 10, 8, 9] f(x) = 0.13259958071278805
Best solution in generation 45 is: x = [8, 10, 9, 10, 8, 7, 5, 6, 10, 1, 1, 2, 5, 7, 2, 6, 9, 7, 6, 7, 10, 2, 2, 7, 6, 10, 10, 6, 10, 6, 9, 7, 7, 2, 8, 3, 10, 2, 6, 9, 2, 3, 9, 5, 9, 6, 5, 5, 7, 8, 9, 2, 2, 1, 7, 9, 1, 7, 6, 10, 8, 9] f(x) = 0.13259958071278805
Best solution in generation 46 is: x = [8, 10, 9, 10, 8, 7, 5, 6, 10, 1, 1, 2, 5, 7, 2, 6, 9, 7, 6, 7, 10, 2, 2, 7, 6, 10, 10, 6, 10, 6, 9, 7, 7, 2, 8, 3, 10, 2, 6, 9, 2, 3, 9, 5, 9, 6, 5, 5, 7, 8, 9, 2, 2, 1, 7, 9, 1, 7, 6, 10, 8, 9] f(x) = 0.13259958071278805
Best solution in generation 47 is: x = [3, 7, 9, 9, 7, 7, 5, 11, 4, 5, 3, 11, 5, 7, 2, 6, 9, 7, 6, 10, 6, 2, 2, 7, 6, 10, 10, 11, 10, 6, 10, 7, 7, 2, 8, 10, 7, 2, 6, 9, 2, 7, 9, 2, 6, 6, 5, 6, 7, 8, 9, 9, 1, 3, 7, 1, 1, 7, 7, 10, 8, 2] f(x) = 0.1353091254301647
Best solution in generation 48 is: x = [3, 7, 9, 9, 7, 7, 5, 10, 4, 5, 3, 11, 5, 7, 2, 6, 9, 7, 6, 10, 6, 2, 2, 7, 6, 10, 10, 11, 10, 6, 10, 7, 7, 2, 8, 10, 7, 2, 6, 9, 2, 7, 9, 2, 6, 6, 5, 6, 7, 8, 9, 9, 1, 3, 7, 1, 1, 7, 7, 10, 8, 2] f(x) = 0.13766267157153575
Best solution in generation 49 is: x = [3, 7, 9, 9, 7, 7, 5, 10, 4, 5, 3, 11, 5, 7, 2, 6, 9, 7, 6, 10, 6, 2, 2, 7, 6, 10, 10, 11, 10, 6, 10, 7, 7, 2, 8, 10, 7, 2, 6, 9, 2, 7, 9, 2, 6, 6, 5, 6, 7, 8, 9, 9, 1, 3, 7, 1, 6, 7, 7, 10, 8, 2] f(x) = 0.13766267157153575
Best solution in generation 50 is: x = [3, 7, 9, 9, 7, 7, 5, 10, 4, 5, 3, 11, 5, 7, 2, 6, 9, 7, 6, 10, 6, 2, 2, 7, 6, 10, 10, 11, 10, 6, 10, 7, 7, 2, 8, 10, 7, 2, 6, 9, 2, 7, 9, 2, 6, 6, 5, 6, 7, 8, 9, 9, 1, 3, 7, 1, 6, 7, 10, 10, 8, 2] f(x) = 0.13766267157153575
Best solution in generation 51 is: x = [3, 7, 9, 9, 7, 7, 5, 8, 4, 5, 3, 11, 5, 7, 2, 6, 9, 7, 6, 10, 6, 2, 2, 7, 6, 10, 10, 11, 10, 6, 10, 7, 7, 2, 8, 10, 7, 2, 6, 9, 2, 7, 9, 2, 6, 6, 5, 10, 7, 8, 9, 9, 1, 4, 7, 1, 1, 7, 7, 10, 8, 2] f(x) = 0.13519045923816278
Best solution in generation 52 is: x = [3, 7, 9, 7, 7, 7, 5, 11, 4, 7, 1, 11, 5, 7, 2, 6, 9, 7, 6, 10, 6, 2, 11, 7, 6, 6, 10, 11, 10, 6, 10, 7, 7, 2, 8, 4, 7, 2, 6, 9, 2, 7, 9, 5, 6, 6, 5, 6, 7, 7, 9, 9, 1, 3, 7, 1, 1, 7, 7, 6, 7, 6] f(x) = 0.1374846722835329
Best solution in generation 53 is: x = [5, 7, 9, 9, 7, 7, 5, 11, 4, 3, 1, 11, 9, 7, 2, 6, 6, 7, 6, 10, 6, 2, 2, 7, 6, 10, 10, 11, 10, 6, 10, 7, 7, 2, 8, 3, 7, 2, 6, 9, 2, 7, 9, 2, 6, 6, 5, 6, 7, 8, 9, 6, 1, 3, 7, 1, 1, 7, 7, 10, 8, 2] f(x) = 0.13930422056089536
Best solution in generation 54 is: x = [3, 7, 9, 9, 7, 7, 5, 8, 4, 7, 3, 11, 5, 7, 2, 6, 9, 7, 6, 10, 6, 2, 2, 7, 6, 10, 10, 11, 7, 6, 10, 7, 7, 2, 8, 10, 7, 2, 6, 9, 2, 7, 9, 2, 6, 6, 5, 10, 7, 8, 9, 9, 1, 4, 7, 1, 1, 7, 7, 10, 8, 2] f(x) = 0.14379375815830048
Best solution in generation 55 is: x = [3, 7, 9, 9, 7, 7, 5, 8, 4, 7, 3, 11, 5, 7, 2, 6, 9, 7, 6, 10, 6, 2, 2, 7, 6, 10, 10, 11, 7, 6, 10, 7, 7, 2, 8, 10, 7, 2, 6, 9, 2, 7, 9, 2, 6, 6, 5, 10, 7, 8, 9, 9, 1, 4, 7, 1, 1, 7, 7, 10, 1, 2] f(x) = 0.14379375815830048
Best solution in generation 56 is: x = [3, 7, 9, 9, 7, 7, 5, 8, 4, 7, 3, 11, 5, 7, 2, 6, 9, 7, 6, 10, 6, 2, 2, 7, 6, 10, 10, 11, 7, 6, 10, 7, 7, 2, 8, 10, 7, 2, 6, 9, 2, 7, 9, 2, 6, 6, 5, 10, 7, 8, 9, 9, 1, 4, 7, 1, 1, 7, 7, 10, 1, 2] f(x) = 0.14379375815830048
Best solution in generation 57 is: x = [8, 7, 9, 4, 7, 7, 5, 8, 4, 7, 3, 11, 5, 7, 2, 6, 9, 7, 6, 10, 6, 2, 2, 7, 6, 10, 10, 11, 7, 6, 10, 7, 7, 2, 8, 10, 7, 2, 6, 9, 2, 7, 9, 2, 6, 6, 5, 10, 7, 8, 9, 9, 6, 4, 7, 1, 1, 7, 7, 10, 8, 9] f(x) = 0.14996440014239923
Best solution in generation 58 is: x = [8, 7, 9, 4, 7, 7, 5, 8, 4, 7, 3, 11, 5, 7, 2, 6, 9, 7, 6, 10, 6, 2, 2, 7, 6, 10, 10, 11, 7, 6, 10, 7, 7, 2, 8, 10, 7, 2, 6, 9, 2, 7, 9, 2, 6, 6, 5, 10, 7, 8, 9, 9, 6, 4, 7, 1, 1, 7, 5, 10, 8, 9] f(x) = 0.14996440014239923
Best solution in generation 59 is: x = [8, 7, 9, 4, 7, 7, 5, 2, 4, 7, 3, 11, 5, 7, 2, 6, 9, 7, 6, 10, 6, 2, 2, 7, 6, 10, 10, 11, 7, 6, 10, 7, 7, 2, 8, 10, 7, 2, 6, 9, 2, 7, 9, 2, 6, 6, 5, 10, 7, 8, 9, 9, 6, 4, 7, 1, 1, 7, 7, 10, 8, 9] f(x) = 0.1512301728570861
Best solution in generation 60 is: x = [5, 10, 9, 10, 1, 7, 7, 6, 10, 7, 5, 2, 5, 7, 2, 6, 9, 7, 6, 5, 10, 2, 2, 9, 6, 10, 10, 6, 10, 6, 9, 7, 7, 2, 8, 3, 10, 2, 6, 5, 2, 3, 9, 5, 9, 6, 5, 5, 11, 8, 9, 2, 2, 7, 1, 9, 1, 7, 2, 10, 8, 9] f(x) = 0.1516652822277598
Best solution in generation 61 is: x = [8, 7, 9, 4, 7, 7, 7, 2, 4, 7, 3, 11, 5, 7, 2, 6, 9, 7, 6, 10, 6, 2, 2, 2, 6, 10, 10, 11, 7, 6, 10, 7, 7, 2, 8, 10, 7, 2, 6, 9, 2, 7, 9, 2, 6, 6, 5, 10, 7, 8, 9, 9, 6, 4, 7, 1, 1, 7, 7, 10, 8, 9] f(x) = 0.1597741386812229
Best solution in generation 62 is: x = [8, 7, 9, 6, 7, 7, 7, 8, 4, 7, 3, 11, 5, 7, 2, 6, 9, 7, 6, 10, 6, 2, 2, 7, 6, 10, 10, 11, 7, 6, 10, 7, 7, 2, 8, 10, 7, 2, 6, 9, 2, 7, 9, 2, 6, 6, 5, 10, 7, 8, 9, 9, 6, 4, 7, 1, 1, 7, 7, 10, 8, 9] f(x) = 0.15619437522249888
Best solution in generation 63 is: x = [3, 7, 9, 9, 7, 7, 5, 11, 4, 7, 3, 11, 5, 7, 2, 6, 9, 7, 6, 10, 6, 2, 2, 7, 6, 7, 5, 7, 10, 6, 10, 7, 7, 2, 8, 10, 7, 2, 6, 9, 2, 7, 9, 2, 6, 6, 5, 10, 10, 8, 9, 9, 1, 4, 7, 1, 10, 7, 7, 10, 1, 2] f(x) = 0.1540781614651317
Best solution in generation 64 is: x = [3, 7, 9, 9, 3, 7, 5, 11, 4, 7, 3, 11, 5, 7, 2, 6, 9, 7, 6, 10, 6, 2, 2, 7, 6, 7, 5, 7, 10, 6, 10, 7, 7, 2, 8, 10, 7, 2, 6, 9, 2, 7, 9, 2, 6, 6, 5, 10, 10, 8, 9, 9, 1, 4, 7, 1, 10, 7, 7, 10, 1, 2] f(x) = 0.15469127012380823
Best solution in generation 65 is: x = [3, 7, 9, 9, 3, 7, 5, 11, 4, 7, 3, 11, 5, 7, 2, 6, 9, 7, 6, 10, 6, 2, 2, 7, 6, 7, 5, 7, 10, 6, 10, 7, 7, 2, 8, 10, 7, 2, 6, 9, 2, 7, 9, 2, 6, 6, 5, 10, 6, 8, 9, 9, 1, 4, 7, 1, 10, 7, 7, 10, 1, 2] f(x) = 0.15415727225979964
Best solution in generation 66 is: x = [3, 7, 9, 9, 3, 7, 5, 11, 4, 7, 3, 11, 5, 7, 2, 6, 9, 7, 6, 10, 6, 2, 2, 7, 6, 7, 5, 7, 10, 6, 10, 7, 7, 2, 8, 10, 7, 2, 6, 9, 2, 7, 9, 2, 6, 6, 1, 10, 6, 8, 9, 9, 1, 4, 7, 1, 10, 7, 7, 10, 1, 2] f(x) = 0.1543154938491355
Best solution in generation 67 is: x = [7, 10, 9, 10, 8, 7, 7, 6, 10, 7, 1, 2, 5, 7, 2, 6, 9, 7, 6, 5, 10, 6, 2, 9, 6, 10, 10, 6, 10, 6, 9, 7, 7, 2, 8, 3, 10, 2, 6, 5, 2, 3, 9, 2, 9, 6, 5, 9, 11, 8, 9, 2, 2, 7, 5, 9, 1, 7, 2, 10, 8, 9] f(x) = 0.15461215932914033
Best solution in generation 68 is: x = [3, 7, 9, 4, 3, 7, 3, 11, 4, 7, 3, 11, 5, 7, 2, 6, 9, 7, 6, 10, 6, 2, 2, 7, 6, 7, 5, 7, 10, 6, 10, 7, 7, 2, 8, 10, 7, 2, 6, 9, 2, 7, 9, 2, 6, 6, 1, 10, 6, 8, 9, 9, 1, 4, 7, 1, 10, 7, 7, 10, 1, 2] f(x) = 0.15698548316917826
Best solution in generation 69 is: x = [3, 7, 9, 9, 7, 7, 5, 11, 4, 7, 3, 11, 5, 7, 2, 6, 2, 7, 6, 10, 6, 2, 3, 7, 6, 8, 5, 7, 10, 6, 10, 7, 7, 2, 8, 10, 7, 2, 6, 9, 2, 7, 9, 2, 6, 6, 5, 10, 3, 8, 9, 9, 1, 4, 7, 1, 5, 7, 7, 10, 1, 2] f(x) = 0.1570052608678452
Best solution in generation 70 is: x = [3, 7, 9, 9, 3, 7, 3, 11, 4, 7, 3, 11, 8, 7, 2, 6, 9, 7, 6, 10, 6, 2, 2, 7, 6, 7, 5, 7, 10, 6, 10, 7, 7, 2, 8, 10, 7, 2, 6, 9, 2, 7, 9, 2, 6, 6, 1, 10, 6, 8, 9, 9, 1, 4, 7, 1, 7, 7, 7, 9, 1, 2] f(x) = 0.159615917091887
Best solution in generation 71 is: x = [3, 7, 9, 9, 3, 7, 3, 11, 4, 7, 3, 11, 8, 7, 2, 6, 9, 7, 6, 10, 6, 2, 2, 7, 6, 7, 5, 7, 10, 6, 10, 7, 7, 2, 8, 10, 7, 2, 6, 9, 2, 7, 9, 2, 6, 6, 10, 10, 6, 8, 9, 9, 1, 4, 7, 1, 7, 7, 7, 9, 1, 2] f(x) = 0.15949725089988512
Best solution in generation 72 is: x = [2, 7, 9, 9, 3, 7, 3, 11, 4, 7, 3, 11, 8, 7, 2, 6, 9, 7, 6, 10, 6, 2, 2, 7, 6, 7, 5, 7, 10, 6, 10, 7, 7, 2, 8, 10, 7, 2, 6, 9, 2, 7, 9, 2, 6, 6, 1, 10, 9, 8, 9, 9, 1, 4, 7, 1, 10, 7, 7, 9, 1, 2] f(x) = 0.15779636881452452
Best solution in generation 73 is: x = [2, 7, 9, 9, 3, 7, 3, 11, 4, 7, 3, 11, 8, 7, 2, 6, 9, 7, 6, 10, 6, 2, 2, 7, 6, 7, 5, 7, 10, 6, 10, 7, 7, 2, 8, 10, 7, 2, 6, 9, 2, 7, 9, 2, 6, 6, 1, 10, 9, 8, 9, 9, 1, 4, 7, 1, 10, 7, 7, 9, 1, 2] f(x) = 0.15779636881452452
Best solution in generation 74 is: x = [2, 7, 9, 9, 3, 7, 3, 11, 4, 7, 3, 11, 8, 7, 2, 6, 9, 7, 6, 10, 6, 2, 2, 7, 6, 7, 5, 7, 10, 6, 10, 7, 7, 2, 8, 10, 7, 2, 6, 9, 2, 7, 9, 2, 6, 6, 1, 10, 9, 8, 9, 9, 1, 4, 7, 6, 10, 7, 7, 9, 1, 2] f(x) = 0.16094102290257484
Best solution in generation 75 is: x = [3, 7, 9, 9, 3, 7, 1, 8, 4, 7, 3, 11, 8, 7, 2, 6, 9, 7, 6, 10, 6, 2, 9, 7, 6, 7, 5, 7, 10, 6, 10, 7, 7, 2, 8, 10, 2, 2, 6, 9, 2, 7, 9, 2, 6, 6, 1, 10, 9, 8, 9, 9, 1, 4, 7, 1, 10, 7, 7, 9, 1, 9] f(x) = 0.15819192278786418
Best solution in generation 76 is: x = [2, 7, 9, 9, 3, 7, 3, 11, 4, 7, 3, 11, 8, 7, 2, 6, 9, 7, 6, 10, 6, 2, 2, 7, 6, 7, 5, 7, 10, 6, 10, 7, 7, 2, 8, 10, 10, 2, 6, 9, 2, 7, 9, 2, 6, 6, 1, 10, 9, 8, 9, 9, 1, 4, 7, 6, 10, 7, 7, 6, 1, 2] f(x) = 0.1601696926545625
Best solution in generation 77 is: x = [2, 7, 11, 9, 3, 7, 3, 11, 4, 7, 3, 11, 8, 7, 2, 6, 6, 7, 6, 10, 6, 1, 7, 7, 6, 7, 5, 7, 10, 6, 10, 7, 7, 2, 8, 10, 7, 2, 6, 9, 2, 7, 9, 2, 6, 6, 4, 10, 9, 8, 9, 9, 1, 4, 7, 1, 10, 7, 6, 9, 1, 2] f(x) = 0.15880503144654062
Best solution in generation 78 is: x = [3, 7, 1, 9, 3, 7, 3, 11, 4, 7, 3, 11, 7, 7, 2, 6, 9, 7, 6, 10, 10, 2, 2, 7, 6, 7, 5, 7, 10, 6, 10, 11, 7, 2, 2, 10, 7, 2, 6, 9, 2, 7, 9, 2, 6, 6, 1, 10, 6, 8, 9, 9, 1, 4, 7, 6, 8, 7, 7, 9, 4, 2] f(x) = 0.15763814722518868
Best solution in generation 79 is: x = [2, 7, 9, 9, 7, 7, 5, 10, 4, 7, 10, 11, 5, 7, 2, 6, 4, 7, 6, 10, 6, 2, 3, 7, 6, 8, 5, 7, 10, 6, 10, 7, 7, 2, 3, 10, 7, 2, 6, 9, 2, 7, 9, 2, 6, 6, 5, 10, 7, 1, 9, 9, 3, 4, 7, 1, 10, 7, 6, 2, 1, 2] f(x) = 0.1577370357185235
Best solution in generation 80 is: x = [2, 7, 2, 10, 7, 7, 5, 10, 4, 7, 3, 11, 5, 7, 2, 6, 4, 7, 6, 10, 6, 2, 3, 7, 6, 8, 5, 7, 10, 6, 10, 7, 7, 2, 8, 6, 7, 2, 6, 9, 2, 7, 9, 2, 6, 6, 2, 10, 1, 11, 9, 7, 5, 4, 7, 1, 10, 7, 6, 2, 1, 2] f(x) = 0.15848858826786896
Best solution in generation 81 is: x = [2, 7, 9, 9, 7, 7, 5, 10, 4, 7, 10, 11, 5, 7, 2, 6, 4, 7, 6, 10, 6, 2, 3, 7, 6, 8, 5, 7, 10, 6, 10, 7, 7, 2, 3, 10, 7, 2, 6, 9, 2, 7, 9, 2, 6, 6, 5, 10, 7, 1, 9, 9, 3, 4, 7, 1, 10, 7, 6, 2, 1, 4] f(x) = 0.1577370357185235
Best solution in generation 82 is: x = [2, 7, 11, 9, 3, 7, 5, 11, 4, 7, 3, 11, 8, 7, 2, 6, 9, 7, 6, 10, 6, 6, 7, 7, 6, 7, 5, 7, 10, 6, 10, 7, 7, 2, 8, 10, 7, 2, 6, 9, 2, 7, 9, 2, 6, 6, 4, 10, 1, 8, 9, 9, 1, 4, 7, 7, 10, 7, 7, 9, 5, 2] f(x) = 0.16167279775325327
Best solution in generation 83 is: x = [2, 7, 11, 9, 3, 7, 5, 11, 4, 7, 3, 11, 8, 7, 2, 6, 9, 7, 6, 10, 6, 6, 7, 7, 6, 7, 5, 7, 10, 6, 10, 7, 7, 2, 8, 10, 7, 2, 6, 7, 2, 7, 9, 2, 6, 6, 4, 10, 1, 8, 9, 9, 1, 4, 7, 7, 10, 7, 7, 9, 5, 2] f(x) = 0.16740833036667835
Best solution in generation 84 is: x = [2, 7, 11, 9, 3, 7, 5, 11, 4, 7, 3, 11, 8, 7, 2, 6, 9, 7, 6, 10, 6, 6, 7, 7, 6, 7, 5, 7, 10, 6, 10, 7, 7, 2, 8, 10, 7, 2, 6, 7, 2, 7, 9, 2, 6, 6, 4, 10, 1, 8, 9, 9, 1, 4, 7, 7, 2, 7, 7, 9, 5, 2] f(x) = 0.16740833036667835
Best solution in generation 85 is: x = [2, 7, 11, 9, 3, 7, 5, 11, 4, 7, 6, 11, 8, 7, 2, 6, 9, 7, 6, 10, 6, 6, 7, 7, 6, 7, 5, 7, 10, 6, 10, 7, 7, 2, 8, 10, 7, 2, 6, 7, 2, 7, 9, 2, 6, 6, 4, 10, 1, 8, 9, 9, 1, 4, 7, 7, 2, 7, 7, 9, 5, 2] f(x) = 0.16835765990269352
Best solution in generation 86 is: x = [2, 7, 11, 9, 3, 7, 5, 11, 4, 7, 6, 11, 8, 7, 2, 6, 9, 7, 6, 10, 6, 6, 7, 7, 6, 7, 5, 7, 10, 6, 10, 7, 7, 2, 8, 10, 2, 2, 6, 7, 2, 7, 9, 2, 6, 6, 4, 10, 1, 8, 9, 9, 1, 4, 7, 7, 2, 7, 7, 9, 5, 2] f(x) = 0.16584589217198661
Best solution in generation 87 is: x = [2, 7, 11, 9, 3, 7, 5, 11, 4, 7, 6, 11, 8, 7, 2, 6, 9, 7, 6, 10, 6, 6, 7, 7, 6, 7, 5, 7, 10, 6, 10, 7, 7, 2, 8, 10, 7, 2, 6, 7, 2, 7, 9, 2, 6, 6, 4, 10, 1, 8, 9, 9, 1, 4, 7, 7, 2, 7, 7, 9, 5, 2] f(x) = 0.16835765990269352
Best solution in generation 88 is: x = [2, 7, 11, 9, 3, 7, 5, 11, 4, 7, 6, 10, 8, 7, 2, 6, 9, 7, 6, 10, 6, 6, 7, 7, 6, 7, 5, 7, 10, 6, 10, 7, 7, 2, 8, 10, 7, 2, 6, 7, 2, 7, 9, 2, 6, 6, 4, 10, 1, 8, 9, 9, 1, 4, 7, 7, 2, 7, 7, 9, 5, 2] f(x) = 0.16841699299869448
Best solution in generation 89 is: x = [2, 7, 11, 9, 3, 7, 5, 11, 4, 7, 6, 11, 8, 7, 2, 6, 9, 7, 6, 10, 6, 6, 7, 2, 6, 7, 5, 7, 10, 6, 10, 7, 7, 2, 8, 10, 7, 2, 6, 7, 2, 7, 9, 2, 6, 6, 4, 10, 1, 8, 9, 9, 1, 4, 7, 7, 2, 7, 7, 9, 5, 2] f(x) = 0.1657470036786518
Best solution in generation 90 is: x = [2, 7, 5, 9, 3, 7, 7, 11, 4, 7, 3, 9, 8, 7, 2, 6, 9, 7, 6, 10, 6, 6, 2, 7, 6, 7, 5, 7, 10, 6, 5, 7, 7, 2, 8, 10, 7, 2, 6, 7, 2, 7, 9, 2, 3, 6, 4, 10, 1, 8, 9, 9, 1, 4, 7, 7, 10, 7, 1, 9, 5, 2] f(x) = 0.1628792373719393
Best solution in generation 91 is: x = [2, 7, 5, 9, 3, 7, 7, 11, 4, 7, 3, 9, 8, 7, 2, 6, 9, 7, 6, 10, 6, 6, 2, 7, 6, 7, 5, 7, 10, 6, 5, 7, 7, 2, 8, 10, 7, 2, 6, 7, 2, 7, 9, 2, 3, 6, 4, 3, 1, 8, 9, 9, 1, 4, 7, 7, 10, 7, 1, 9, 5, 2] f(x) = 0.16287923737193927
Best solution in generation 92 is: x = [2, 7, 11, 9, 3, 7, 5, 7, 4, 7, 3, 8, 1, 7, 2, 8, 9, 7, 6, 10, 6, 6, 7, 7, 6, 7, 5, 7, 10, 6, 10, 7, 7, 2, 8, 10, 7, 2, 6, 7, 2, 7, 9, 2, 6, 6, 10, 10, 2, 8, 9, 1, 1, 5, 7, 7, 10, 7, 7, 9, 5, 2] f(x) = 0.16054546892923519
Best solution in generation 93 is: x = [2, 7, 11, 9, 3, 7, 5, 11, 4, 7, 6, 11, 8, 7, 2, 6, 9, 7, 6, 10, 6, 10, 7, 2, 6, 7, 2, 7, 10, 6, 10, 7, 7, 2, 8, 10, 7, 2, 2, 7, 2, 7, 9, 2, 6, 6, 9, 10, 1, 8, 9, 9, 1, 4, 7, 7, 2, 7, 7, 9, 5, 2] f(x) = 0.1617123531505872
Best solution in generation 94 is: x = [2, 7, 11, 9, 3, 7, 5, 11, 4, 7, 6, 2, 8, 7, 2, 6, 9, 7, 6, 10, 6, 10, 7, 2, 6, 7, 2, 7, 10, 6, 10, 7, 7, 2, 8, 10, 7, 2, 2, 7, 2, 7, 9, 2, 6, 6, 9, 10, 1, 8, 9, 9, 1, 4, 7, 7, 2, 7, 7, 9, 5, 2] f(x) = 0.16115857758791166
Best solution in generation 95 is: x = [2, 7, 11, 9, 3, 7, 5, 11, 4, 7, 6, 11, 8, 7, 2, 6, 9, 7, 6, 10, 6, 10, 7, 2, 6, 7, 2, 7, 10, 6, 10, 7, 7, 2, 8, 10, 7, 2, 2, 11, 2, 7, 9, 2, 6, 6, 9, 10, 1, 8, 9, 6, 1, 4, 7, 7, 2, 7, 7, 9, 5, 2] f(x) = 0.16499545112930644
Best solution in generation 96 is: x = [2, 7, 11, 9, 3, 7, 5, 11, 4, 7, 6, 11, 8, 7, 2, 6, 9, 7, 6, 10, 6, 10, 7, 2, 6, 7, 2, 7, 10, 6, 10, 7, 7, 2, 8, 2, 7, 2, 2, 11, 2, 7, 9, 2, 6, 6, 9, 10, 1, 8, 9, 6, 1, 4, 7, 7, 2, 7, 7, 9, 5, 2] f(x) = 0.16499545112930644
Best solution in generation 97 is: x = [2, 7, 11, 9, 3, 7, 5, 11, 4, 7, 3, 11, 8, 7, 2, 3, 6, 7, 6, 10, 6, 6, 7, 7, 6, 7, 6, 7, 10, 6, 10, 9, 7, 2, 8, 5, 7, 2, 6, 7, 2, 7, 9, 2, 6, 6, 4, 10, 2, 9, 9, 6, 1, 5, 7, 7, 10, 7, 7, 9, 5, 2] f(x) = 0.16643922313199602
Best solution in generation 98 is: x = [2, 7, 11, 9, 3, 7, 7, 4, 4, 7, 6, 11, 8, 7, 2, 6, 9, 7, 6, 10, 6, 10, 7, 2, 6, 7, 2, 7, 10, 6, 10, 7, 7, 2, 8, 2, 7, 2, 2, 11, 2, 7, 9, 2, 6, 6, 9, 10, 1, 8, 9, 6, 1, 4, 7, 7, 2, 7, 7, 9, 5, 2] f(x) = 0.17632807246548782
Best solution in generation 99 is: x = [2, 7, 11, 9, 3, 7, 7, 4, 4, 7, 6, 6, 8, 7, 2, 6, 9, 7, 6, 10, 6, 10, 7, 2, 6, 7, 2, 7, 10, 6, 10, 7, 7, 2, 8, 2, 7, 2, 2, 11, 2, 7, 9, 2, 6, 6, 9, 10, 1, 8, 9, 6, 1, 4, 7, 7, 2, 7, 7, 9, 5, 2] f(x) = 0.17891895099086255
Best solution in generation 100 is: x = [2, 7, 11, 9, 3, 7, 7, 4, 4, 7, 6, 6, 8, 7, 2, 6, 9, 7, 6, 10, 6, 10, 7, 2, 6, 7, 2, 7, 10, 6, 10, 7, 7, 2, 8, 9, 7, 2, 2, 11, 2, 7, 9, 2, 6, 6, 9, 10, 1, 8, 9, 6, 1, 4, 7, 7, 2, 7, 7, 9, 5, 2] f(x) = 0.17891895099086255
Best repres&fitness: [2, 7, 11, 9, 3, 7, 7, 4, 4, 7, 6, 6, 8, 7, 2, 6, 9, 7, 6, 10, 6, 10, 7, 2, 6, 7, 2, 7, 10, 6, 10, 7, 7, 2, 8, 2, 7, 2, 2, 11, 2, 7, 9, 2, 6, 6, 9, 10, 1, 8, 9, 6, 1, 4, 7, 7, 2, 7, 7, 9, 5, 2] 0.17891895099086255
Nr. de comunitati: 11
Node - culoare comunitate: 
0 - 2
1 - 7
2 - 11
3 - 9
4 - 3
5 - 7
6 - 7
7 - 4
8 - 4
9 - 7
10 - 6
11 - 6
12 - 8
13 - 7
14 - 2
15 - 6
16 - 9
17 - 7
18 - 6
19 - 10
20 - 6
21 - 10
22 - 7
23 - 2
24 - 6
25 - 7
26 - 2
27 - 7
28 - 10
29 - 6
30 - 10
31 - 7
32 - 7
33 - 2
34 - 8
35 - 2
36 - 7
37 - 2
38 - 2
39 - 11
40 - 2
41 - 7
42 - 9
43 - 2
44 - 6
45 - 6
46 - 9
47 - 10
48 - 1
49 - 8
50 - 9
51 - 6
52 - 1
53 - 4
54 - 7
55 - 7
56 - 2
57 - 7
58 - 7
59 - 9
60 - 5
61 - 2
