Best solution in generation 0 is: x = [10, 4, 8, 4, 9, 9, 9, 9, 1, 6, 8, 9, 6, 4, 4, 9, 1, 10, 5, 1, 2, 4, 4, 1, 5, 9, 10, 8, 8, 1, 6, 5, 1, 2] f(x) = 0.055555555555555566
Best solution in generation 1 is: x = [1, 3, 10, 10, 1, 10, 1, 10, 9, 5, 10, 9, 6, 1, 1, 3, 6, 3, 5, 5, 6, 5, 10, 7, 7, 8, 1, 7, 7, 1, 2, 6, 5, 1] f(x) = 0.05933596318211704
Best solution in generation 2 is: x = [1, 3, 10, 10, 1, 10, 1, 10, 5, 5, 10, 9, 6, 1, 1, 3, 6, 3, 3, 8, 6, 5, 10, 7, 7, 8, 3, 7, 7, 1, 2, 7, 5, 1] f(x) = 0.05826758711374098
Best solution in generation 3 is: x = [1, 3, 10, 10, 1, 10, 1, 10, 5, 5, 10, 9, 6, 1, 1, 3, 6, 3, 3, 5, 6, 5, 10, 7, 7, 8, 3, 7, 7, 1, 2, 7, 5, 7] f(x) = 0.06434911242603554
Best solution in generation 4 is: x = [1, 3, 10, 10, 1, 10, 1, 10, 5, 5, 10, 9, 6, 1, 1, 3, 6, 3, 3, 5, 1, 5, 10, 7, 7, 8, 3, 7, 7, 1, 2, 7, 5, 7] f(x) = 0.06040433925049312
Best solution in generation 5 is: x = [1, 3, 10, 10, 1, 10, 1, 10, 5, 7, 10, 9, 6, 1, 1, 3, 6, 3, 3, 5, 1, 5, 10, 7, 7, 8, 3, 7, 7, 1, 2, 7, 5, 7] f(x) = 0.06615713346482582
Best solution in generation 6 is: x = [5, 1, 6, 5, 9, 5, 3, 5, 6, 6, 1, 8, 1, 7, 8, 2, 2, 3, 3, 4, 2, 5, 6, 1, 6, 6, 6, 7, 1, 6, 7, 1, 6, 6] f(x) = 0.07264957264957268
Best solution in generation 7 is: x = [2, 1, 5, 5, 9, 6, 3, 5, 6, 6, 9, 8, 1, 7, 8, 2, 2, 3, 3, 4, 2, 5, 6, 1, 6, 6, 6, 7, 1, 6, 7, 6, 6, 6] f(x) = 0.0733070348454964
Best solution in generation 8 is: x = [5, 1, 6, 5, 9, 5, 3, 5, 6, 6, 1, 8, 1, 7, 8, 9, 2, 3, 3, 4, 2, 5, 6, 9, 6, 6, 6, 7, 1, 6, 7, 1, 6, 6] f(x) = 0.07593688362919135
Best solution in generation 9 is: x = [5, 1, 6, 5, 9, 5, 3, 5, 6, 6, 1, 8, 1, 7, 8, 9, 2, 7, 3, 4, 2, 5, 6, 9, 6, 6, 6, 7, 1, 6, 7, 1, 6, 6] f(x) = 0.07593688362919135
Best solution in generation 10 is: x = [5, 1, 6, 5, 9, 5, 3, 5, 6, 6, 1, 8, 1, 7, 8, 9, 2, 5, 3, 4, 2, 5, 6, 9, 6, 6, 6, 7, 1, 6, 7, 1, 6, 6] f(x) = 0.08234714003944772
Best solution in generation 11 is: x = [5, 1, 6, 5, 9, 5, 3, 6, 6, 6, 1, 8, 1, 7, 8, 8, 2, 3, 3, 10, 2, 5, 6, 1, 6, 6, 6, 7, 1, 6, 7, 6, 6, 6] f(x) = 0.08415516107823802
Best solution in generation 12 is: x = [5, 1, 6, 5, 9, 5, 3, 5, 6, 6, 1, 8, 1, 7, 8, 9, 2, 7, 3, 8, 2, 5, 6, 9, 6, 6, 6, 6, 1, 6, 7, 1, 6, 6] f(x) = 0.09335963182117024
Best solution in generation 13 is: x = [5, 1, 6, 5, 9, 5, 3, 5, 6, 6, 1, 8, 1, 7, 8, 9, 2, 3, 8, 4, 2, 5, 6, 9, 6, 6, 6, 6, 1, 6, 7, 1, 6, 6] f(x) = 0.09335963182117024
Best solution in generation 14 is: x = [1, 3, 10, 10, 4, 10, 1, 10, 5, 5, 10, 9, 10, 1, 1, 3, 6, 3, 3, 5, 6, 5, 10, 7, 7, 7, 3, 7, 7, 4, 7, 7, 7, 7] f(x) = 0.105111768573307
Best solution in generation 15 is: x = [1, 3, 10, 10, 4, 10, 4, 10, 5, 5, 10, 9, 10, 1, 1, 3, 6, 3, 3, 5, 6, 5, 10, 7, 7, 7, 3, 7, 7, 4, 7, 7, 7, 7] f(x) = 0.106344510190664
Best solution in generation 16 is: x = [1, 3, 10, 10, 4, 10, 1, 10, 5, 5, 10, 9, 10, 1, 1, 3, 6, 3, 3, 7, 6, 5, 10, 7, 7, 7, 3, 7, 7, 1, 7, 7, 7, 7] f(x) = 0.10749506903353054
Best solution in generation 17 is: x = [1, 3, 10, 10, 4, 10, 1, 10, 5, 5, 10, 9, 10, 1, 1, 3, 6, 3, 3, 5, 6, 3, 10, 7, 7, 7, 3, 7, 7, 1, 7, 7, 7, 7] f(x) = 0.10856344510190663
Best solution in generation 18 is: x = [1, 3, 10, 10, 4, 10, 1, 10, 5, 5, 10, 9, 10, 1, 5, 3, 6, 3, 3, 5, 6, 3, 10, 7, 7, 7, 3, 7, 7, 1, 7, 7, 7, 7] f(x) = 0.11102892833662065
Best solution in generation 19 is: x = [1, 3, 10, 10, 4, 10, 1, 10, 5, 5, 10, 9, 10, 1, 1, 2, 6, 3, 3, 7, 9, 5, 10, 7, 7, 7, 1, 7, 7, 1, 7, 7, 7, 7] f(x) = 0.11390532544378697
Best solution in generation 20 is: x = [10, 3, 10, 10, 4, 10, 1, 10, 5, 5, 10, 9, 10, 1, 1, 3, 6, 3, 3, 7, 9, 5, 10, 7, 7, 7, 3, 7, 7, 1, 7, 7, 7, 7] f(x) = 0.11998685075608148
Best solution in generation 21 is: x = [10, 3, 10, 10, 10, 10, 1, 10, 5, 5, 10, 9, 10, 1, 1, 3, 6, 3, 3, 7, 9, 5, 10, 7, 7, 7, 3, 7, 7, 1, 7, 7, 7, 7] f(x) = 0.12754766600920436
Best solution in generation 22 is: x = [10, 3, 10, 10, 10, 10, 1, 10, 5, 5, 10, 9, 10, 1, 1, 3, 6, 3, 3, 2, 9, 5, 10, 7, 7, 7, 3, 7, 7, 1, 7, 7, 7, 7] f(x) = 0.12253451676528591
Best solution in generation 23 is: x = [10, 3, 5, 10, 10, 10, 1, 10, 5, 5, 10, 9, 10, 1, 1, 3, 6, 3, 3, 7, 9, 5, 10, 7, 7, 7, 3, 7, 7, 1, 7, 7, 3, 7] f(x) = 0.12302761341222858
Best solution in generation 24 is: x = [10, 3, 5, 10, 10, 10, 1, 10, 5, 5, 10, 9, 10, 1, 7, 3, 6, 3, 3, 7, 9, 5, 10, 7, 7, 7, 3, 7, 7, 1, 7, 7, 3, 7] f(x) = 0.1273011176857328
Best solution in generation 25 is: x = [10, 3, 10, 10, 4, 10, 1, 10, 5, 5, 10, 9, 10, 6, 1, 7, 6, 3, 3, 7, 9, 5, 3, 7, 7, 7, 3, 7, 7, 1, 7, 7, 7, 7] f(x) = 0.1351906640368177
Best solution in generation 26 is: x = [10, 3, 10, 10, 4, 10, 4, 10, 5, 8, 10, 9, 10, 1, 1, 3, 4, 3, 3, 7, 9, 5, 6, 7, 7, 7, 2, 7, 7, 1, 7, 7, 7, 7] f(x) = 0.14020381328073614
Best solution in generation 27 is: x = [10, 3, 5, 10, 10, 10, 1, 10, 5, 5, 10, 7, 10, 3, 4, 3, 6, 3, 3, 7, 9, 5, 10, 7, 7, 7, 3, 7, 7, 7, 7, 7, 3, 7] f(x) = 0.13929980276134088
Best solution in generation 28 is: x = [10, 3, 10, 10, 4, 10, 7, 10, 7, 8, 10, 9, 10, 1, 1, 3, 4, 3, 3, 7, 9, 5, 6, 7, 7, 7, 2, 7, 7, 1, 7, 7, 7, 7] f(x) = 0.14061472715318837
Best solution in generation 29 is: x = [10, 3, 10, 10, 4, 10, 7, 10, 7, 8, 10, 9, 10, 6, 1, 3, 4, 3, 3, 7, 9, 5, 6, 7, 7, 7, 2, 7, 7, 1, 7, 7, 7, 7] f(x) = 0.14077909270216935
Best solution in generation 30 is: x = [10, 3, 5, 10, 10, 10, 1, 10, 5, 5, 10, 7, 10, 10, 4, 3, 6, 10, 3, 7, 9, 5, 10, 7, 7, 7, 7, 7, 7, 1, 7, 7, 3, 7] f(x) = 0.14036817882971692
Best solution in generation 31 is: x = [10, 3, 5, 10, 10, 10, 1, 10, 5, 5, 10, 10, 10, 1, 4, 3, 6, 3, 3, 7, 9, 3, 9, 7, 7, 7, 6, 7, 7, 1, 7, 7, 3, 7] f(x) = 0.14225838264299773
Best solution in generation 32 is: x = [10, 3, 5, 10, 10, 2, 10, 10, 3, 5, 10, 10, 10, 1, 7, 3, 10, 3, 3, 7, 9, 5, 4, 7, 7, 7, 3, 7, 7, 1, 7, 7, 3, 7] f(x) = 0.14628533859303056
Best solution in generation 33 is: x = [10, 3, 5, 10, 10, 2, 10, 10, 3, 5, 10, 10, 10, 1, 7, 3, 10, 10, 3, 7, 9, 5, 4, 7, 7, 7, 3, 7, 7, 1, 7, 7, 3, 7] f(x) = 0.14628533859303056
Best solution in generation 34 is: x = [5, 10, 10, 10, 5, 10, 1, 10, 5, 4, 10, 9, 10, 1, 1, 7, 6, 9, 3, 5, 9, 5, 7, 7, 7, 7, 7, 7, 7, 1, 7, 7, 7, 7] f(x) = 0.14817554240631134
Best solution in generation 35 is: x = [10, 5, 5, 10, 10, 10, 1, 10, 5, 5, 10, 7, 10, 5, 4, 9, 6, 10, 7, 6, 9, 5, 10, 7, 7, 7, 3, 7, 7, 7, 7, 7, 9, 7] f(x) = 0.15417488494411538
Best solution in generation 36 is: x = [10, 5, 5, 10, 10, 10, 1, 10, 5, 5, 10, 7, 10, 5, 4, 9, 6, 10, 7, 6, 9, 4, 10, 7, 7, 7, 3, 7, 7, 7, 7, 7, 9, 7] f(x) = 0.147764628533859
Best solution in generation 37 is: x = [5, 10, 10, 10, 5, 10, 1, 10, 7, 4, 3, 9, 10, 1, 1, 7, 6, 9, 3, 5, 9, 5, 7, 7, 7, 7, 7, 7, 7, 4, 7, 7, 7, 7] f(x) = 0.15409270216962487
Best solution in generation 38 is: x = [5, 10, 10, 10, 5, 10, 1, 10, 7, 4, 3, 9, 10, 6, 1, 7, 6, 9, 3, 5, 9, 5, 7, 7, 7, 7, 7, 7, 7, 4, 7, 7, 7, 7] f(x) = 0.15433925049309627
Best solution in generation 39 is: x = [10, 5, 5, 10, 10, 10, 1, 10, 5, 5, 10, 1, 10, 7, 3, 3, 6, 10, 7, 9, 9, 5, 3, 7, 7, 7, 3, 7, 7, 7, 7, 7, 3, 7] f(x) = 0.15598290598290554
Best solution in generation 40 is: x = [10, 5, 5, 10, 10, 10, 1, 10, 5, 5, 10, 1, 10, 7, 3, 3, 6, 10, 7, 9, 9, 5, 3, 7, 7, 7, 3, 7, 7, 7, 7, 7, 3, 7] f(x) = 0.15598290598290554
Best solution in generation 41 is: x = [10, 5, 5, 10, 10, 10, 1, 10, 10, 5, 10, 1, 10, 10, 3, 3, 6, 10, 7, 9, 9, 5, 3, 7, 7, 7, 3, 7, 7, 7, 7, 7, 3, 7] f(x) = 0.16009204470742894
Best solution in generation 42 is: x = [10, 5, 5, 10, 10, 10, 1, 10, 10, 5, 10, 1, 10, 10, 3, 3, 6, 10, 7, 9, 8, 5, 3, 7, 7, 7, 3, 7, 7, 7, 7, 7, 3, 7] f(x) = 0.16025641025640985
Best solution in generation 43 is: x = [10, 5, 5, 10, 10, 10, 1, 5, 5, 5, 10, 1, 10, 7, 3, 3, 6, 10, 7, 9, 9, 5, 3, 7, 7, 7, 3, 7, 7, 7, 7, 7, 3, 7] f(x) = 0.15598290598290554
Best solution in generation 44 is: x = [10, 5, 5, 10, 10, 10, 1, 5, 5, 5, 10, 1, 10, 7, 3, 3, 6, 10, 7, 7, 9, 5, 3, 7, 7, 7, 3, 7, 7, 7, 7, 7, 3, 7] f(x) = 0.16083168967784298
Best solution in generation 45 is: x = [10, 5, 5, 10, 10, 10, 1, 5, 5, 5, 10, 1, 10, 7, 3, 3, 6, 10, 7, 7, 9, 8, 3, 7, 7, 7, 3, 7, 7, 7, 7, 7, 3, 7] f(x) = 0.15442143326758667
Best solution in generation 46 is: x = [10, 5, 5, 10, 10, 10, 1, 5, 5, 5, 10, 1, 10, 7, 3, 3, 6, 10, 7, 7, 9, 8, 3, 7, 7, 7, 3, 7, 7, 7, 7, 7, 3, 7] f(x) = 0.15442143326758667
Best solution in generation 47 is: x = [10, 5, 5, 10, 10, 10, 10, 10, 10, 5, 10, 1, 10, 7, 10, 3, 6, 10, 7, 9, 9, 5, 3, 7, 7, 7, 3, 7, 7, 7, 7, 7, 3, 7] f(x) = 0.16140696909927632
Best solution in generation 48 is: x = [10, 5, 5, 10, 10, 10, 1, 5, 5, 5, 10, 1, 10, 7, 3, 3, 6, 4, 7, 7, 9, 5, 3, 7, 2, 7, 3, 7, 7, 7, 7, 7, 7, 7] f(x) = 0.1582018408941483
Best solution in generation 49 is: x = [10, 5, 5, 10, 10, 4, 10, 5, 5, 5, 10, 1, 10, 7, 3, 6, 6, 10, 7, 7, 9, 8, 3, 7, 7, 7, 3, 7, 7, 7, 7, 7, 3, 7] f(x) = 0.15261341222879637
Best solution in generation 50 is: x = [5, 9, 10, 10, 5, 10, 2, 10, 7, 10, 5, 9, 3, 9, 8, 4, 6, 9, 4, 5, 8, 5, 7, 7, 7, 7, 7, 7, 7, 4, 7, 7, 7, 7] f(x) = 0.1582840236686387
Best solution in generation 51 is: x = [5, 9, 10, 10, 5, 10, 2, 10, 7, 10, 5, 9, 3, 9, 8, 4, 6, 9, 9, 5, 8, 5, 7, 7, 7, 7, 7, 7, 7, 4, 7, 7, 7, 7] f(x) = 0.15746219592373406
Best solution in generation 52 is: x = [10, 5, 5, 10, 10, 10, 6, 5, 9, 5, 10, 1, 10, 7, 3, 6, 6, 10, 7, 7, 9, 8, 3, 7, 7, 7, 3, 7, 7, 3, 7, 7, 3, 7] f(x) = 0.15483234714003907
Best solution in generation 53 is: x = [5, 9, 10, 10, 5, 10, 2, 10, 7, 10, 3, 9, 3, 10, 8, 4, 2, 9, 4, 5, 3, 5, 7, 7, 7, 7, 7, 7, 7, 4, 7, 7, 7, 7] f(x) = 0.15803747534516724
Best solution in generation 54 is: x = [10, 5, 5, 10, 10, 5, 1, 10, 9, 5, 10, 4, 10, 7, 3, 5, 8, 10, 7, 1, 6, 5, 3, 7, 7, 7, 3, 7, 7, 7, 7, 7, 7, 7] f(x) = 0.15787310979618635
Best solution in generation 55 is: x = [10, 5, 5, 10, 10, 5, 1, 10, 9, 5, 10, 4, 10, 7, 3, 5, 1, 10, 7, 1, 6, 5, 3, 7, 7, 7, 3, 7, 7, 7, 7, 7, 7, 7] f(x) = 0.16428336620644277
Best solution in generation 56 is: x = [10, 5, 5, 10, 10, 5, 1, 10, 9, 5, 10, 4, 10, 7, 3, 5, 1, 10, 7, 3, 6, 5, 3, 7, 7, 7, 3, 7, 7, 7, 7, 7, 7, 7] f(x) = 0.16387245233399045
Best solution in generation 57 is: x = [10, 5, 5, 10, 10, 5, 1, 10, 5, 5, 10, 4, 10, 7, 3, 5, 1, 10, 7, 3, 6, 5, 3, 7, 7, 7, 3, 7, 7, 7, 7, 7, 7, 7] f(x) = 0.16485864562787603
Best solution in generation 58 is: x = [10, 5, 5, 10, 10, 5, 1, 10, 9, 5, 10, 4, 10, 7, 3, 5, 1, 10, 7, 7, 6, 5, 3, 7, 7, 7, 10, 7, 7, 7, 7, 7, 7, 7] f(x) = 0.1661735700197235
Best solution in generation 59 is: x = [10, 5, 5, 10, 10, 5, 1, 10, 9, 5, 10, 3, 10, 7, 3, 5, 1, 10, 7, 7, 6, 5, 3, 7, 7, 7, 10, 7, 7, 7, 7, 7, 7, 7] f(x) = 0.1661735700197235
Best solution in generation 60 is: x = [10, 5, 5, 10, 10, 5, 1, 10, 9, 5, 10, 3, 10, 7, 3, 5, 1, 10, 7, 7, 6, 5, 3, 7, 7, 7, 4, 7, 7, 7, 7, 7, 7, 7] f(x) = 0.16962524654832306
Best solution in generation 61 is: x = [10, 5, 5, 10, 10, 6, 1, 10, 9, 5, 10, 4, 6, 7, 3, 5, 1, 10, 7, 3, 6, 5, 7, 7, 7, 7, 9, 7, 7, 7, 7, 7, 7, 7] f(x) = 0.16526955950032843
Best solution in generation 62 is: x = [10, 1, 5, 10, 10, 6, 10, 1, 5, 5, 10, 1, 10, 1, 3, 6, 6, 5, 7, 7, 9, 7, 3, 7, 8, 7, 7, 7, 7, 7, 7, 7, 7, 7] f(x) = 0.16847468770545662
Best solution in generation 63 is: x = [10, 1, 5, 10, 10, 6, 10, 1, 5, 5, 10, 1, 10, 1, 3, 6, 6, 5, 7, 7, 9, 7, 3, 7, 7, 7, 7, 7, 7, 7, 7, 7, 7, 7] f(x) = 0.1825279421433263
Best solution in generation 64 is: x = [10, 1, 5, 10, 10, 6, 10, 1, 5, 10, 10, 1, 10, 1, 3, 6, 6, 5, 7, 7, 9, 7, 3, 7, 7, 7, 7, 7, 7, 7, 7, 7, 7, 7] f(x) = 0.1752136752136748
Best solution in generation 65 is: x = [10, 10, 5, 10, 10, 9, 1, 10, 9, 5, 10, 4, 6, 7, 3, 1, 1, 10, 7, 3, 6, 5, 7, 7, 7, 7, 9, 7, 7, 7, 7, 7, 7, 7] f(x) = 0.1720907297830371
Best solution in generation 66 is: x = [10, 1, 5, 10, 10, 6, 10, 1, 9, 5, 10, 1, 4, 1, 3, 6, 6, 5, 7, 7, 9, 7, 7, 7, 7, 7, 7, 7, 7, 7, 7, 7, 7, 7] f(x) = 0.17422748191978915
Best solution in generation 67 is: x = [10, 10, 5, 10, 10, 9, 1, 10, 9, 5, 10, 4, 6, 7, 3, 1, 1, 10, 7, 3, 6, 5, 7, 7, 7, 7, 9, 7, 7, 7, 7, 7, 7, 7] f(x) = 0.1720907297830371
Best solution in generation 68 is: x = [10, 1, 5, 10, 10, 6, 10, 1, 9, 5, 10, 9, 4, 1, 3, 6, 6, 10, 7, 7, 9, 7, 3, 7, 7, 7, 7, 7, 7, 7, 7, 7, 7, 7] f(x) = 0.17143326758711333
Best solution in generation 69 is: x = [10, 5, 5, 10, 10, 9, 10, 10, 2, 5, 10, 4, 6, 7, 3, 5, 3, 10, 7, 3, 6, 5, 7, 7, 7, 7, 9, 7, 7, 7, 7, 7, 7, 7] f(x) = 0.17044707429322778
Best solution in generation 70 is: x = [10, 1, 5, 10, 10, 6, 10, 1, 9, 5, 10, 9, 10, 1, 3, 6, 6, 5, 7, 7, 9, 7, 3, 7, 7, 7, 7, 7, 7, 7, 7, 7, 7, 7] f(x) = 0.17784352399736975
Best solution in generation 71 is: x = [10, 1, 5, 1, 10, 6, 10, 1, 9, 5, 10, 2, 1, 1, 3, 6, 6, 5, 7, 7, 9, 7, 3, 7, 7, 7, 7, 7, 7, 7, 7, 7, 7, 7] f(x) = 0.1867192636423401
Best solution in generation 72 is: x = [10, 1, 5, 1, 10, 6, 10, 1, 9, 5, 10, 2, 1, 1, 3, 6, 6, 5, 7, 7, 9, 7, 3, 7, 7, 7, 7, 7, 7, 7, 7, 7, 7, 7] f(x) = 0.1867192636423401
Best solution in generation 73 is: x = [10, 1, 5, 1, 10, 6, 10, 1, 9, 5, 10, 2, 1, 1, 3, 6, 6, 5, 7, 7, 9, 7, 3, 7, 7, 7, 7, 7, 7, 7, 7, 7, 7, 7] f(x) = 0.1867192636423401
Best solution in generation 74 is: x = [10, 1, 5, 1, 10, 6, 10, 1, 9, 4, 10, 2, 1, 1, 3, 6, 6, 5, 7, 7, 9, 7, 3, 7, 7, 7, 7, 7, 7, 7, 7, 7, 7, 7] f(x) = 0.1809664694280074
Best solution in generation 75 is: x = [10, 1, 5, 1, 10, 6, 10, 1, 10, 5, 10, 2, 1, 1, 3, 6, 6, 5, 7, 7, 9, 7, 3, 7, 7, 7, 9, 7, 7, 7, 7, 7, 7, 7] f(x) = 0.17940499671268859
Best solution in generation 76 is: x = [10, 10, 1, 10, 10, 9, 1, 10, 9, 4, 10, 4, 6, 7, 8, 7, 1, 10, 7, 3, 6, 10, 7, 7, 7, 7, 6, 7, 7, 7, 8, 7, 7, 7] f(x) = 0.1791584483892173
Best solution in generation 77 is: x = [10, 10, 1, 10, 10, 9, 1, 10, 9, 4, 10, 4, 6, 7, 6, 7, 1, 10, 7, 3, 6, 10, 7, 7, 7, 7, 6, 7, 7, 7, 8, 7, 7, 7] f(x) = 0.17882971729125544
Best solution in generation 78 is: x = [1, 5, 5, 1, 10, 8, 10, 1, 9, 5, 10, 9, 1, 5, 3, 6, 1, 5, 7, 7, 9, 5, 3, 7, 7, 7, 7, 7, 7, 7, 7, 7, 7, 7] f(x) = 0.1827744904667977
Best solution in generation 79 is: x = [1, 5, 5, 1, 10, 8, 10, 1, 9, 5, 10, 9, 1, 5, 3, 6, 1, 5, 7, 7, 9, 5, 3, 7, 7, 7, 7, 7, 7, 7, 7, 7, 7, 7] f(x) = 0.1827744904667977
Best solution in generation 80 is: x = [1, 5, 5, 1, 10, 8, 10, 1, 9, 5, 10, 9, 1, 5, 3, 6, 10, 5, 7, 7, 9, 5, 3, 7, 7, 7, 7, 7, 7, 7, 7, 7, 7, 7] f(x) = 0.18918474687705406
Best solution in generation 81 is: x = [1, 5, 5, 1, 10, 8, 10, 5, 9, 5, 10, 9, 1, 5, 6, 6, 1, 5, 7, 7, 9, 5, 3, 7, 7, 7, 7, 7, 7, 7, 7, 7, 7, 7] f(x) = 0.1827744904667977
Best solution in generation 82 is: x = [2, 5, 5, 1, 10, 8, 10, 5, 9, 5, 10, 9, 1, 5, 6, 6, 1, 5, 7, 7, 9, 5, 3, 7, 7, 7, 7, 7, 7, 7, 7, 7, 7, 7] f(x) = 0.17389875082182735
Best solution in generation 83 is: x = [10, 5, 5, 1, 10, 8, 10, 5, 9, 5, 10, 9, 1, 5, 6, 6, 1, 5, 7, 7, 9, 5, 3, 7, 7, 7, 7, 7, 7, 7, 7, 7, 7, 7] f(x) = 0.18918474687705406
Best solution in generation 84 is: x = [10, 5, 5, 1, 10, 8, 10, 5, 9, 5, 10, 9, 1, 5, 6, 6, 1, 5, 7, 7, 9, 5, 3, 7, 7, 7, 7, 7, 7, 7, 7, 7, 7, 7] f(x) = 0.18918474687705406
Best solution in generation 85 is: x = [10, 8, 1, 10, 10, 9, 1, 10, 9, 4, 10, 10, 6, 7, 4, 7, 1, 10, 7, 6, 4, 10, 7, 7, 7, 7, 7, 7, 7, 7, 8, 7, 7, 7] f(x) = 0.18129520052596934
Best solution in generation 86 is: x = [1, 5, 4, 1, 10, 8, 10, 5, 7, 5, 10, 6, 1, 5, 7, 6, 1, 5, 7, 7, 9, 5, 8, 7, 7, 7, 7, 7, 7, 7, 7, 7, 7, 7] f(x) = 0.18573307034845435
Best solution in generation 87 is: x = [1, 5, 4, 4, 10, 8, 10, 5, 7, 5, 10, 6, 1, 5, 7, 6, 1, 5, 7, 7, 9, 5, 8, 7, 7, 7, 7, 7, 7, 7, 7, 7, 7, 7] f(x) = 0.18129520052596917
Best solution in generation 88 is: x = [1, 5, 5, 1, 10, 8, 10, 5, 7, 5, 10, 6, 1, 5, 7, 6, 1, 5, 7, 7, 9, 5, 8, 7, 7, 7, 7, 7, 7, 7, 9, 7, 7, 7] f(x) = 0.1896778435239968
Best solution in generation 89 is: x = [10, 1, 1, 1, 10, 6, 10, 1, 6, 5, 1, 5, 3, 1, 3, 7, 6, 9, 7, 6, 4, 7, 5, 7, 7, 7, 2, 7, 7, 7, 7, 7, 7, 7] f(x) = 0.17488494411571295
Best solution in generation 90 is: x = [10, 1, 1, 1, 10, 7, 10, 1, 9, 4, 10, 5, 1, 1, 3, 2, 5, 8, 7, 7, 4, 7, 3, 7, 7, 7, 7, 7, 6, 7, 7, 7, 7, 7] f(x) = 0.17850098619329335
Best solution in generation 91 is: x = [10, 1, 1, 1, 10, 7, 10, 1, 9, 4, 10, 5, 1, 1, 3, 2, 5, 8, 7, 7, 9, 7, 3, 7, 7, 7, 7, 7, 6, 7, 7, 7, 7, 7] f(x) = 0.17817225509533147
Best solution in generation 92 is: x = [10, 1, 1, 1, 10, 6, 10, 1, 6, 1, 1, 5, 3, 1, 3, 7, 6, 9, 7, 6, 9, 7, 5, 7, 7, 7, 4, 7, 7, 7, 7, 7, 7, 7] f(x) = 0.1798159105851409
Best solution in generation 93 is: x = [1, 5, 7, 1, 10, 4, 10, 5, 7, 5, 10, 6, 1, 5, 7, 7, 9, 5, 7, 7, 9, 5, 8, 7, 7, 7, 7, 7, 7, 7, 9, 7, 7, 7] f(x) = 0.18606180144641632
Best solution in generation 94 is: x = [1, 5, 7, 1, 10, 4, 10, 5, 7, 5, 10, 6, 1, 5, 7, 7, 4, 5, 7, 7, 9, 5, 8, 7, 7, 7, 7, 7, 7, 7, 9, 7, 7, 7] f(x) = 0.19247205785667262
Best solution in generation 95 is: x = [1, 5, 7, 1, 10, 4, 10, 5, 7, 5, 10, 6, 1, 5, 7, 7, 4, 5, 7, 2, 9, 5, 8, 7, 7, 7, 7, 7, 7, 7, 9, 7, 7, 7] f(x) = 0.18902038132807314
Best solution in generation 96 is: x = [1, 5, 7, 1, 10, 4, 10, 5, 7, 5, 10, 6, 1, 5, 7, 7, 4, 5, 7, 2, 3, 5, 8, 7, 7, 7, 7, 7, 7, 7, 9, 7, 7, 7] f(x) = 0.189349112426035
Best solution in generation 97 is: x = [1, 5, 7, 1, 10, 4, 10, 5, 7, 5, 10, 6, 1, 5, 2, 7, 4, 5, 7, 2, 3, 5, 8, 7, 7, 7, 7, 7, 7, 7, 9, 7, 7, 7] f(x) = 0.18195266272189306
Best solution in generation 98 is: x = [1, 5, 7, 1, 10, 4, 10, 5, 7, 5, 10, 6, 1, 5, 2, 7, 4, 5, 7, 2, 3, 5, 8, 7, 7, 7, 7, 7, 7, 7, 9, 7, 7, 7] f(x) = 0.18195266272189306
Best solution in generation 99 is: x = [1, 5, 7, 1, 10, 4, 10, 5, 7, 5, 10, 6, 1, 5, 2, 7, 4, 5, 7, 2, 3, 5, 7, 7, 7, 7, 7, 7, 7, 7, 9, 7, 7, 7] f(x) = 0.18918474687705406
Best solution in generation 100 is: x = [2, 5, 7, 8, 10, 4, 10, 5, 7, 5, 10, 6, 9, 5, 7, 10, 4, 5, 7, 2, 9, 5, 8, 7, 7, 7, 7, 7, 7, 7, 7, 7, 7, 7] f(x) = 0.18458251150558797
Best repres&fitness: [1, 5, 7, 1, 10, 4, 10, 5, 7, 5, 10, 6, 1, 5, 7, 7, 4, 5, 7, 7, 9, 5, 8, 7, 7, 7, 7, 7, 7, 7, 9, 7, 7, 7] 0.19247205785667262
Nr. de comunitati: 8
Node - culoare comunitate: 
0 - 1
1 - 5
2 - 7
3 - 1
4 - 10
5 - 4
6 - 10
7 - 5
8 - 7
9 - 5
10 - 10
11 - 6
12 - 1
13 - 5
14 - 7
15 - 7
16 - 4
17 - 5
18 - 7
19 - 7
20 - 9
21 - 5
22 - 8
23 - 7
24 - 7
25 - 7
26 - 7
27 - 7
28 - 7
29 - 7
30 - 9
31 - 7
32 - 7
33 - 7
