Best solution in generation 0 is: x = [6, 6, 3, 9, 3, 6, 3, 3, 10, 1, 7, 9, 7, 2, 1, 3, 10, 9, 6, 5, 2, 4, 5, 2, 3, 2, 8, 7, 3, 3, 6, 1, 6, 10, 1, 3, 7, 9, 3, 2, 2, 10, 7, 10, 4, 2, 6, 4, 5, 10, 7, 4, 8, 4, 8, 10, 1, 1, 5, 2, 4, 2, 4, 4, 3, 5, 1, 3, 5, 8, 1, 5, 10, 8, 6, 9, 1, 5, 9, 8, 7, 7, 2, 3, 6, 3, 8, 8, 6, 7, 10, 5, 5, 1, 2, 10, 8, 8, 1, 4, 3, 9, 5, 8, 2] f(x) = 0.04119554095258681
Best solution in generation 1 is: x = [6, 6, 3, 9, 3, 6, 3, 3, 10, 1, 7, 9, 7, 2, 1, 3, 10, 9, 6, 9, 2, 4, 5, 2, 3, 2, 8, 7, 3, 3, 6, 1, 6, 10, 1, 3, 7, 9, 3, 2, 2, 10, 7, 10, 4, 2, 6, 4, 5, 10, 7, 4, 8, 4, 8, 10, 1, 1, 5, 2, 4, 2, 4, 4, 3, 5, 1, 3, 5, 8, 1, 5, 10, 8, 6, 9, 1, 5, 9, 8, 7, 7, 2, 3, 6, 3, 8, 8, 6, 7, 10, 5, 5, 1, 2, 10, 8, 8, 1, 4, 3, 9, 5, 8, 2] f(x) = 0.041064422745666844
Best solution in generation 2 is: x = [6, 6, 3, 9, 3, 6, 3, 3, 10, 1, 7, 9, 7, 2, 1, 3, 10, 9, 6, 9, 2, 4, 5, 2, 3, 2, 8, 7, 3, 3, 6, 1, 6, 10, 1, 3, 7, 9, 3, 2, 2, 10, 7, 10, 4, 2, 6, 4, 5, 10, 7, 4, 8, 4, 8, 10, 1, 1, 5, 2, 4, 2, 4, 4, 3, 5, 1, 3, 5, 8, 1, 5, 10, 8, 6, 9, 1, 5, 9, 8, 7, 7, 2, 3, 6, 3, 8, 8, 6, 3, 10, 5, 5, 1, 2, 10, 8, 8, 1, 4, 3, 9, 5, 8, 2] f(x) = 0.041064422745666844
Best solution in generation 3 is: x = [10, 6, 4, 2, 8, 4, 4, 7, 4, 2, 3, 3, 8, 6, 1, 3, 3, 10, 6, 5, 10, 4, 4, 1, 7, 1, 2, 6, 8, 6, 7, 2, 4, 4, 3, 5, 7, 3, 5, 7, 5, 8, 2, 5, 1, 4, 6, 3, 2, 6, 3, 5, 9, 3, 6, 1, 6, 7, 3, 8, 7, 5, 5, 4, 1, 8, 2, 5, 4, 3, 1, 1, 8, 9, 8, 8, 6, 7, 8, 8, 7, 10, 2, 9, 10, 8, 7, 9, 7, 3, 2, 2, 2, 9, 3, 4, 2, 10, 7, 10, 4, 6, 8, 8, 7] f(x) = 0.04192568939896459
Best solution in generation 4 is: x = [10, 6, 4, 2, 8, 4, 4, 7, 4, 2, 3, 3, 8, 6, 1, 3, 3, 10, 6, 5, 10, 4, 4, 1, 7, 1, 2, 6, 8, 6, 7, 2, 4, 4, 3, 5, 7, 3, 5, 7, 5, 8, 2, 5, 1, 4, 6, 3, 2, 6, 3, 5, 9, 3, 6, 1, 6, 7, 3, 8, 7, 5, 5, 4, 1, 8, 2, 5, 4, 3, 1, 1, 8, 9, 8, 8, 6, 7, 8, 8, 7, 10, 2, 9, 9, 8, 7, 9, 7, 3, 2, 2, 2, 9, 3, 4, 2, 10, 7, 10, 4, 6, 8, 8, 7] f(x) = 0.04172001378026661
Best solution in generation 5 is: x = [6, 6, 3, 9, 3, 6, 3, 3, 10, 1, 7, 9, 7, 2, 1, 3, 10, 9, 6, 9, 2, 4, 5, 2, 3, 2, 8, 7, 3, 3, 6, 1, 6, 10, 1, 3, 7, 9, 3, 2, 2, 10, 7, 10, 4, 2, 6, 4, 5, 10, 7, 4, 8, 4, 8, 10, 1, 1, 5, 2, 4, 2, 4, 4, 3, 5, 1, 3, 5, 8, 1, 5, 10, 8, 6, 1, 1, 5, 9, 8, 7, 7, 2, 3, 6, 3, 8, 8, 6, 3, 3, 5, 5, 1, 2, 10, 8, 8, 1, 4, 3, 9, 5, 8, 8] f(x) = 0.04397730369547684
Best solution in generation 6 is: x = [6, 6, 3, 9, 3, 6, 3, 3, 10, 1, 7, 9, 7, 2, 1, 3, 10, 9, 6, 9, 2, 4, 5, 2, 3, 2, 8, 7, 3, 3, 6, 1, 6, 10, 1, 3, 7, 9, 3, 2, 2, 10, 7, 10, 4, 2, 6, 2, 5, 10, 7, 4, 8, 4, 8, 10, 1, 1, 5, 2, 4, 2, 4, 4, 3, 5, 1, 3, 5, 8, 4, 5, 10, 8, 6, 1, 1, 5, 9, 8, 7, 7, 2, 3, 6, 3, 8, 8, 6, 3, 3, 5, 5, 1, 2, 10, 8, 8, 1, 4, 3, 9, 5, 8, 2] f(x) = 0.04442464816614497
Best solution in generation 7 is: x = [6, 6, 3, 9, 3, 6, 3, 3, 10, 1, 7, 9, 7, 2, 1, 3, 10, 9, 6, 9, 2, 4, 5, 2, 3, 2, 8, 7, 3, 3, 6, 1, 6, 10, 1, 3, 7, 9, 3, 2, 2, 10, 7, 10, 4, 2, 6, 4, 5, 10, 7, 4, 8, 4, 8, 10, 1, 1, 5, 2, 4, 2, 4, 4, 3, 5, 1, 3, 5, 8, 1, 5, 10, 8, 6, 1, 1, 5, 2, 8, 7, 7, 2, 3, 6, 3, 8, 8, 6, 3, 3, 10, 5, 1, 2, 10, 8, 8, 1, 4, 3, 9, 5, 8, 8] f(x) = 0.044982543281863185
Best solution in generation 8 is: x = [6, 6, 3, 9, 3, 6, 3, 3, 10, 1, 7, 9, 7, 2, 1, 3, 10, 9, 6, 9, 2, 4, 5, 2, 3, 2, 8, 7, 3, 3, 6, 1, 6, 10, 2, 3, 7, 9, 3, 2, 2, 10, 7, 10, 4, 2, 6, 4, 5, 10, 7, 4, 8, 4, 8, 10, 1, 1, 5, 2, 4, 2, 4, 4, 3, 5, 1, 3, 5, 8, 1, 5, 10, 8, 6, 1, 1, 5, 2, 8, 7, 7, 2, 3, 6, 3, 8, 8, 6, 3, 3, 10, 5, 1, 2, 10, 8, 8, 1, 4, 3, 9, 5, 8, 8] f(x) = 0.04641198883181409
Best solution in generation 9 is: x = [6, 6, 3, 9, 3, 6, 3, 3, 10, 1, 7, 9, 7, 2, 1, 3, 10, 9, 6, 9, 2, 4, 5, 2, 3, 2, 8, 7, 3, 2, 3, 1, 6, 10, 1, 3, 7, 9, 3, 2, 2, 10, 7, 10, 4, 2, 6, 4, 5, 10, 7, 4, 8, 4, 8, 10, 1, 1, 5, 2, 4, 2, 4, 4, 3, 5, 1, 3, 5, 8, 1, 5, 10, 8, 6, 1, 1, 5, 8, 5, 7, 7, 2, 3, 6, 3, 8, 8, 6, 3, 3, 5, 5, 1, 2, 10, 8, 8, 1, 4, 3, 9, 5, 8, 8] f(x) = 0.04665365768378423
Best solution in generation 10 is: x = [10, 6, 4, 2, 8, 4, 4, 7, 4, 2, 3, 3, 3, 6, 1, 3, 3, 10, 6, 9, 10, 4, 1, 1, 7, 1, 2, 6, 8, 6, 7, 2, 4, 4, 3, 5, 7, 3, 5, 7, 5, 8, 1, 5, 1, 4, 6, 3, 2, 6, 3, 5, 9, 3, 6, 1, 6, 6, 3, 8, 7, 5, 5, 9, 1, 8, 2, 5, 4, 3, 1, 1, 8, 9, 8, 8, 6, 7, 8, 8, 7, 10, 2, 9, 10, 8, 7, 9, 7, 9, 2, 2, 10, 9, 3, 4, 2, 10, 7, 10, 4, 6, 8, 8, 7] f(x) = 0.04963595415490473
Best solution in generation 11 is: x = [10, 6, 4, 2, 8, 4, 4, 7, 4, 2, 3, 3, 3, 6, 1, 3, 3, 10, 6, 9, 10, 4, 1, 1, 7, 1, 2, 6, 8, 6, 7, 2, 4, 4, 3, 5, 7, 3, 5, 7, 5, 8, 1, 5, 1, 4, 6, 3, 2, 9, 3, 5, 9, 3, 6, 1, 6, 6, 3, 8, 7, 5, 5, 9, 1, 8, 2, 5, 4, 3, 1, 1, 8, 9, 8, 8, 6, 7, 8, 8, 7, 10, 2, 9, 10, 8, 7, 9, 7, 9, 2, 2, 10, 9, 3, 4, 2, 10, 7, 10, 4, 6, 8, 8, 7] f(x) = 0.04731696155408512
Best solution in generation 12 is: x = [6, 6, 3, 9, 3, 6, 3, 3, 10, 7, 7, 9, 7, 2, 1, 3, 10, 9, 6, 9, 2, 4, 5, 2, 3, 2, 8, 7, 3, 3, 6, 1, 6, 10, 1, 3, 7, 9, 3, 2, 2, 5, 7, 10, 4, 2, 6, 9, 5, 10, 7, 4, 8, 4, 8, 10, 1, 1, 5, 2, 4, 2, 4, 4, 3, 5, 1, 3, 5, 8, 1, 5, 10, 8, 6, 1, 1, 5, 2, 8, 7, 7, 2, 2, 6, 3, 8, 8, 6, 3, 3, 10, 5, 1, 2, 10, 8, 8, 1, 4, 3, 4, 5, 8, 8] f(x) = 0.04902406918927833
Best solution in generation 13 is: x = [6, 6, 3, 9, 3, 6, 3, 3, 10, 7, 9, 9, 7, 2, 1, 3, 10, 9, 6, 9, 2, 4, 5, 2, 3, 2, 8, 7, 3, 3, 6, 1, 6, 10, 1, 3, 7, 9, 3, 2, 2, 5, 7, 10, 4, 2, 6, 9, 5, 10, 7, 4, 8, 4, 8, 10, 1, 1, 5, 2, 4, 2, 4, 4, 3, 5, 1, 3, 5, 8, 1, 5, 10, 8, 6, 1, 1, 5, 2, 8, 7, 7, 2, 2, 6, 3, 8, 8, 6, 3, 3, 10, 5, 1, 2, 10, 8, 8, 1, 4, 3, 4, 5, 8, 8] f(x) = 0.05251798376191011
Best solution in generation 14 is: x = [6, 6, 3, 9, 3, 6, 3, 3, 10, 7, 7, 9, 7, 2, 1, 3, 10, 9, 6, 9, 2, 4, 5, 8, 4, 2, 8, 7, 3, 3, 6, 1, 6, 10, 1, 3, 7, 9, 3, 2, 2, 5, 7, 10, 4, 2, 6, 9, 5, 10, 7, 4, 8, 4, 8, 10, 1, 1, 5, 2, 4, 2, 4, 4, 3, 5, 1, 3, 5, 8, 1, 5, 10, 8, 6, 1, 1, 5, 2, 8, 7, 7, 2, 2, 6, 3, 8, 8, 6, 3, 3, 10, 5, 1, 2, 10, 8, 8, 1, 4, 3, 4, 5, 8, 8] f(x) = 0.05164900427291122
Best solution in generation 15 is: x = [6, 6, 3, 9, 3, 6, 3, 3, 10, 1, 3, 9, 7, 2, 1, 3, 10, 9, 6, 9, 2, 4, 5, 2, 3, 2, 8, 7, 3, 3, 1, 1, 6, 10, 1, 3, 7, 9, 3, 2, 2, 10, 7, 10, 4, 2, 6, 4, 10, 10, 7, 4, 8, 4, 8, 10, 1, 1, 5, 2, 4, 2, 4, 4, 3, 5, 1, 3, 5, 7, 1, 5, 10, 8, 6, 1, 1, 5, 2, 8, 1, 7, 9, 2, 6, 3, 8, 8, 6, 3, 3, 10, 5, 1, 2, 10, 8, 8, 1, 4, 3, 9, 5, 8, 8] f(x) = 0.05171841979422175
Best solution in generation 16 is: x = [6, 6, 3, 9, 3, 6, 3, 3, 10, 1, 3, 9, 7, 2, 1, 3, 10, 9, 6, 9, 2, 4, 5, 2, 3, 2, 8, 7, 3, 3, 1, 1, 6, 10, 1, 3, 7, 9, 3, 2, 2, 10, 7, 10, 4, 2, 6, 4, 10, 10, 7, 4, 8, 4, 8, 10, 1, 1, 5, 2, 4, 2, 4, 4, 3, 5, 1, 3, 5, 7, 1, 5, 10, 8, 6, 1, 1, 5, 2, 8, 1, 8, 9, 2, 6, 3, 8, 8, 6, 3, 3, 10, 5, 1, 2, 10, 8, 8, 1, 4, 3, 9, 5, 8, 8] f(x) = 0.05394742931186098
Best solution in generation 17 is: x = [6, 6, 3, 9, 3, 6, 3, 3, 10, 7, 7, 9, 7, 2, 1, 3, 10, 9, 6, 9, 2, 4, 6, 2, 3, 2, 8, 7, 3, 3, 6, 1, 6, 10, 1, 3, 7, 9, 3, 2, 2, 5, 7, 10, 4, 2, 6, 9, 5, 10, 7, 4, 8, 4, 8, 10, 1, 1, 5, 4, 4, 2, 4, 4, 3, 5, 1, 3, 5, 8, 1, 5, 10, 8, 6, 1, 1, 9, 2, 8, 7, 7, 2, 2, 6, 3, 8, 8, 6, 3, 3, 10, 10, 1, 2, 10, 8, 8, 1, 4, 3, 4, 5, 8, 8] f(x) = 0.05253340943331248
Best solution in generation 18 is: x = [6, 6, 3, 9, 3, 6, 3, 3, 10, 7, 7, 9, 7, 2, 1, 3, 10, 9, 6, 9, 2, 4, 6, 2, 3, 2, 8, 7, 3, 3, 6, 1, 6, 10, 1, 3, 7, 9, 3, 2, 2, 5, 7, 10, 4, 2, 6, 9, 5, 10, 7, 4, 8, 4, 8, 10, 1, 1, 5, 4, 4, 2, 4, 4, 3, 5, 1, 3, 5, 8, 1, 5, 10, 8, 6, 1, 1, 9, 2, 8, 7, 7, 2, 5, 6, 3, 8, 8, 6, 3, 3, 10, 10, 1, 2, 10, 8, 8, 1, 4, 3, 4, 5, 8, 8] f(x) = 0.05375975030979914
Best solution in generation 19 is: x = [6, 6, 3, 9, 3, 6, 3, 3, 10, 1, 2, 9, 4, 2, 1, 3, 10, 9, 1, 9, 2, 4, 5, 9, 3, 2, 8, 7, 3, 3, 6, 1, 6, 10, 2, 3, 7, 9, 3, 2, 2, 10, 7, 10, 4, 7, 6, 4, 5, 10, 7, 5, 8, 4, 8, 10, 1, 1, 5, 2, 4, 2, 4, 4, 3, 5, 4, 5, 5, 5, 1, 5, 10, 8, 6, 9, 1, 5, 9, 8, 7, 7, 1, 10, 6, 3, 8, 8, 6, 3, 4, 5, 5, 2, 2, 10, 8, 8, 4, 4, 4, 9, 5, 8, 2] f(x) = 0.05434078393262084
Best solution in generation 20 is: x = [6, 6, 3, 9, 3, 6, 3, 3, 10, 1, 7, 9, 7, 2, 1, 3, 10, 9, 6, 9, 2, 4, 5, 4, 3, 2, 8, 10, 3, 3, 6, 1, 6, 10, 1, 3, 7, 9, 3, 2, 2, 10, 7, 10, 4, 2, 6, 4, 5, 10, 7, 4, 8, 4, 8, 10, 1, 1, 5, 2, 4, 2, 4, 4, 3, 5, 8, 3, 5, 8, 1, 5, 5, 8, 8, 1, 1, 5, 10, 8, 7, 7, 2, 3, 6, 3, 8, 8, 6, 3, 3, 10, 5, 1, 8, 10, 8, 8, 1, 4, 6, 9, 5, 8, 8] f(x) = 0.05510949655750457
Best solution in generation 21 is: x = [6, 6, 3, 9, 3, 6, 3, 3, 10, 1, 3, 9, 7, 2, 1, 3, 10, 9, 6, 9, 2, 4, 5, 2, 3, 2, 8, 7, 3, 3, 1, 1, 6, 10, 2, 3, 7, 3, 3, 2, 2, 10, 6, 10, 4, 2, 6, 4, 10, 10, 2, 4, 8, 4, 8, 10, 1, 1, 5, 2, 4, 2, 4, 4, 3, 5, 1, 3, 5, 7, 1, 5, 10, 8, 6, 1, 1, 5, 2, 8, 1, 7, 9, 2, 6, 6, 8, 8, 6, 3, 3, 10, 5, 1, 2, 10, 8, 8, 1, 4, 3, 9, 5, 8, 8] f(x) = 0.055436006602187546
Best solution in generation 22 is: x = [6, 6, 3, 9, 3, 6, 3, 3, 10, 7, 7, 9, 7, 2, 1, 3, 10, 9, 6, 9, 2, 4, 6, 2, 10, 2, 8, 7, 3, 3, 6, 1, 2, 10, 5, 3, 7, 9, 3, 2, 2, 5, 7, 10, 4, 2, 6, 9, 5, 8, 7, 4, 8, 4, 8, 10, 1, 1, 5, 4, 4, 4, 4, 4, 3, 5, 1, 3, 5, 8, 1, 5, 10, 8, 6, 1, 1, 9, 2, 8, 7, 7, 2, 2, 6, 3, 8, 8, 6, 3, 3, 10, 10, 1, 2, 10, 8, 8, 1, 4, 3, 4, 5, 8, 8] f(x) = 0.057659874229359365
Best solution in generation 23 is: x = [6, 6, 3, 9, 3, 6, 3, 3, 10, 1, 3, 9, 7, 2, 1, 3, 10, 9, 6, 9, 2, 4, 5, 2, 3, 2, 8, 7, 3, 3, 1, 1, 6, 10, 2, 3, 7, 9, 3, 2, 2, 10, 7, 10, 4, 1, 6, 4, 10, 10, 2, 4, 8, 4, 8, 10, 1, 1, 5, 2, 4, 2, 4, 4, 3, 5, 8, 3, 5, 7, 1, 5, 8, 8, 6, 1, 1, 5, 2, 8, 1, 7, 9, 2, 6, 8, 8, 8, 6, 3, 3, 10, 5, 1, 2, 10, 8, 8, 1, 4, 3, 9, 5, 8, 8] f(x) = 0.05766501611982682
Best solution in generation 24 is: x = [6, 6, 3, 9, 3, 6, 3, 3, 10, 1, 3, 9, 7, 2, 1, 3, 10, 9, 6, 9, 2, 4, 5, 2, 3, 2, 8, 7, 3, 3, 1, 1, 6, 10, 2, 3, 7, 3, 3, 2, 2, 10, 7, 10, 4, 1, 6, 4, 10, 10, 2, 4, 8, 4, 8, 10, 1, 1, 5, 2, 4, 2, 4, 4, 3, 5, 8, 3, 5, 7, 1, 5, 8, 8, 6, 1, 1, 5, 2, 8, 1, 7, 9, 2, 6, 8, 8, 8, 6, 3, 3, 10, 5, 1, 2, 10, 8, 8, 1, 4, 3, 9, 5, 8, 8] f(x) = 0.060963538854695506
Best solution in generation 25 is: x = [6, 6, 3, 9, 3, 6, 3, 3, 10, 1, 7, 9, 7, 2, 1, 3, 9, 9, 6, 9, 2, 4, 5, 4, 3, 2, 8, 5, 3, 3, 6, 1, 6, 10, 1, 3, 7, 9, 7, 2, 2, 10, 7, 3, 4, 2, 6, 4, 5, 10, 7, 4, 8, 4, 8, 10, 1, 1, 5, 2, 4, 2, 4, 4, 3, 5, 8, 8, 5, 8, 1, 5, 5, 8, 8, 1, 1, 5, 10, 8, 7, 7, 2, 3, 6, 3, 8, 8, 6, 3, 3, 10, 5, 8, 8, 6, 8, 8, 1, 4, 6, 9, 5, 8, 8] f(x) = 0.06157799476555579
Best solution in generation 26 is: x = [6, 6, 3, 9, 3, 6, 3, 3, 10, 1, 7, 9, 7, 2, 1, 3, 9, 9, 6, 9, 2, 4, 5, 4, 3, 2, 8, 5, 3, 3, 6, 1, 6, 10, 1, 3, 7, 9, 7, 2, 2, 10, 7, 3, 4, 2, 6, 4, 5, 10, 7, 4, 8, 4, 8, 10, 1, 1, 5, 2, 4, 2, 4, 4, 3, 5, 8, 8, 5, 8, 1, 5, 5, 8, 8, 1, 5, 5, 10, 8, 7, 7, 2, 3, 6, 3, 8, 8, 6, 3, 3, 10, 5, 8, 8, 6, 8, 8, 1, 4, 6, 9, 5, 8, 8] f(x) = 0.06267321743512251
Best solution in generation 27 is: x = [6, 6, 3, 9, 3, 6, 3, 3, 10, 1, 7, 9, 7, 2, 1, 3, 9, 9, 6, 9, 2, 4, 8, 4, 3, 2, 8, 5, 3, 3, 6, 1, 6, 10, 1, 3, 7, 9, 7, 2, 2, 10, 7, 3, 4, 2, 6, 4, 5, 10, 7, 4, 8, 4, 8, 10, 1, 1, 5, 2, 4, 2, 4, 4, 3, 5, 8, 8, 5, 8, 1, 5, 5, 8, 8, 1, 5, 5, 10, 8, 7, 7, 2, 3, 6, 3, 8, 8, 6, 3, 3, 10, 5, 8, 8, 6, 8, 8, 1, 4, 6, 9, 5, 8, 8] f(x) = 0.06364503473347043
Best solution in generation 28 is: x = [6, 6, 3, 9, 3, 6, 3, 3, 10, 1, 7, 9, 7, 2, 1, 3, 9, 9, 6, 9, 2, 4, 5, 4, 3, 2, 8, 5, 3, 3, 6, 1, 6, 10, 1, 3, 7, 9, 7, 2, 2, 10, 7, 3, 4, 2, 6, 4, 5, 10, 7, 4, 8, 4, 8, 10, 1, 1, 5, 2, 4, 2, 4, 4, 3, 5, 8, 8, 5, 8, 1, 5, 5, 8, 8, 1, 1, 5, 10, 8, 7, 7, 2, 3, 6, 3, 8, 5, 6, 3, 4, 10, 5, 8, 8, 6, 8, 8, 1, 4, 6, 9, 5, 8, 8] f(x) = 0.06288146399905417
Best solution in generation 29 is: x = [6, 6, 3, 9, 3, 6, 3, 3, 10, 1, 7, 9, 7, 2, 1, 3, 9, 9, 6, 9, 2, 4, 5, 4, 3, 2, 9, 5, 3, 3, 6, 1, 6, 10, 1, 3, 7, 9, 7, 2, 2, 10, 6, 3, 4, 2, 6, 4, 5, 10, 7, 4, 8, 4, 8, 10, 1, 1, 5, 2, 4, 2, 4, 4, 3, 5, 8, 8, 5, 8, 1, 5, 5, 8, 8, 1, 1, 5, 10, 8, 7, 7, 2, 3, 6, 3, 8, 5, 6, 3, 3, 10, 5, 8, 8, 6, 8, 8, 1, 4, 6, 9, 5, 8, 8] f(x) = 0.06413351432787805
Best solution in generation 30 is: x = [6, 6, 3, 9, 3, 6, 3, 3, 10, 1, 7, 9, 7, 2, 1, 3, 9, 9, 6, 9, 2, 4, 5, 4, 3, 2, 8, 5, 3, 3, 6, 1, 6, 4, 1, 2, 7, 9, 7, 2, 2, 10, 7, 3, 4, 2, 6, 4, 5, 10, 7, 4, 8, 4, 8, 10, 1, 1, 5, 2, 4, 2, 4, 4, 3, 5, 8, 8, 5, 8, 1, 5, 5, 8, 8, 1, 1, 5, 10, 8, 7, 7, 2, 3, 6, 3, 8, 5, 6, 3, 4, 10, 5, 8, 8, 6, 8, 8, 1, 4, 6, 9, 5, 8, 8] f(x) = 0.06528272684735299
Best solution in generation 31 is: x = [6, 6, 3, 9, 3, 6, 3, 3, 10, 1, 7, 9, 7, 2, 1, 3, 9, 9, 6, 9, 2, 4, 5, 4, 3, 2, 8, 9, 3, 3, 6, 1, 6, 10, 1, 2, 7, 9, 7, 2, 2, 10, 7, 3, 4, 2, 6, 4, 5, 10, 7, 4, 8, 4, 8, 10, 1, 1, 5, 2, 4, 2, 4, 4, 3, 5, 8, 8, 5, 8, 1, 5, 5, 8, 8, 1, 1, 5, 10, 8, 7, 7, 2, 8, 6, 3, 8, 5, 6, 3, 4, 10, 5, 8, 8, 6, 8, 8, 1, 4, 6, 9, 5, 8, 8] f(x) = 0.06727006751302213
Best solution in generation 32 is: x = [6, 6, 3, 9, 3, 6, 3, 3, 10, 1, 7, 9, 7, 2, 1, 10, 9, 9, 6, 9, 2, 4, 5, 4, 3, 2, 9, 5, 3, 3, 6, 1, 6, 10, 1, 3, 7, 9, 7, 2, 2, 10, 7, 3, 4, 2, 6, 4, 5, 10, 7, 4, 8, 4, 8, 10, 1, 1, 5, 3, 4, 2, 4, 4, 3, 5, 8, 8, 5, 8, 1, 5, 8, 8, 8, 1, 1, 5, 10, 8, 7, 7, 2, 3, 6, 3, 8, 8, 6, 8, 3, 10, 5, 1, 8, 6, 8, 8, 1, 4, 7, 9, 5, 8, 8] f(x) = 0.06604629758176914
Best solution in generation 33 is: x = [6, 6, 3, 9, 3, 6, 3, 3, 10, 1, 7, 9, 7, 2, 1, 10, 9, 9, 6, 9, 2, 4, 5, 4, 3, 2, 9, 5, 3, 3, 6, 1, 6, 10, 1, 3, 7, 9, 7, 2, 2, 10, 7, 3, 4, 2, 6, 4, 5, 10, 7, 4, 8, 4, 8, 10, 1, 1, 5, 3, 4, 2, 4, 4, 3, 5, 8, 8, 5, 8, 1, 5, 8, 8, 8, 1, 1, 5, 10, 8, 7, 7, 2, 6, 6, 3, 8, 8, 6, 8, 3, 10, 5, 1, 8, 6, 8, 8, 1, 4, 7, 9, 5, 8, 8] f(x) = 0.06834472262071897
Best solution in generation 34 is: x = [6, 6, 3, 9, 3, 6, 3, 3, 10, 1, 7, 9, 7, 2, 1, 3, 9, 9, 6, 9, 2, 4, 5, 4, 3, 2, 8, 5, 3, 3, 9, 1, 6, 10, 1, 3, 7, 9, 7, 7, 2, 10, 7, 3, 4, 2, 6, 5, 5, 10, 7, 4, 8, 4, 8, 10, 1, 1, 5, 2, 4, 2, 4, 4, 3, 5, 8, 8, 5, 8, 1, 5, 5, 8, 8, 1, 1, 5, 10, 8, 7, 7, 2, 3, 6, 3, 8, 4, 6, 3, 3, 10, 5, 8, 8, 6, 8, 8, 8, 4, 8, 9, 5, 8, 8] f(x) = 0.06984872558244792
Best solution in generation 35 is: x = [6, 6, 3, 9, 3, 6, 3, 3, 10, 1, 7, 9, 7, 2, 1, 3, 9, 9, 6, 9, 2, 4, 5, 4, 3, 9, 8, 5, 3, 3, 9, 1, 6, 10, 1, 2, 7, 9, 7, 2, 2, 10, 7, 3, 4, 2, 6, 5, 5, 10, 7, 4, 8, 4, 8, 10, 1, 1, 5, 2, 4, 2, 4, 4, 3, 5, 8, 8, 5, 8, 1, 5, 8, 8, 8, 1, 1, 5, 10, 8, 7, 7, 2, 3, 6, 3, 8, 4, 6, 3, 3, 8, 5, 8, 8, 6, 8, 8, 1, 4, 8, 9, 5, 8, 8] f(x) = 0.07028321532694741
Best solution in generation 36 is: x = [6, 6, 3, 9, 3, 6, 3, 3, 10, 1, 7, 9, 7, 7, 1, 3, 9, 9, 6, 9, 2, 4, 5, 4, 3, 9, 8, 5, 3, 3, 9, 1, 6, 10, 1, 2, 7, 9, 7, 2, 2, 10, 7, 3, 4, 2, 6, 5, 5, 10, 7, 4, 8, 4, 8, 10, 1, 1, 5, 2, 4, 2, 4, 4, 3, 5, 8, 8, 5, 8, 1, 5, 8, 8, 8, 1, 1, 5, 10, 8, 7, 7, 2, 3, 6, 3, 8, 4, 6, 3, 3, 8, 5, 8, 8, 6, 8, 8, 1, 4, 8, 9, 5, 8, 8] f(x) = 0.07123189411819181
Best solution in generation 37 is: x = [6, 6, 3, 9, 3, 6, 3, 3, 10, 1, 7, 9, 7, 7, 1, 3, 9, 9, 6, 9, 2, 4, 5, 4, 6, 9, 8, 5, 3, 3, 9, 1, 6, 10, 1, 2, 7, 9, 7, 2, 2, 10, 7, 3, 4, 2, 6, 5, 5, 10, 7, 4, 8, 4, 8, 10, 1, 1, 5, 2, 4, 2, 4, 4, 3, 5, 8, 8, 5, 8, 1, 5, 8, 8, 8, 1, 1, 5, 10, 8, 7, 7, 2, 3, 6, 3, 8, 4, 6, 3, 3, 8, 5, 8, 8, 6, 8, 8, 1, 4, 8, 9, 5, 8, 8] f(x) = 0.07134501570847569
Best solution in generation 38 is: x = [6, 6, 3, 9, 3, 6, 3, 3, 10, 1, 7, 9, 7, 7, 1, 3, 9, 9, 6, 9, 2, 4, 5, 4, 6, 9, 8, 5, 3, 3, 3, 1, 6, 10, 1, 2, 7, 9, 7, 2, 2, 10, 7, 3, 4, 2, 6, 5, 5, 10, 7, 4, 8, 4, 8, 10, 1, 1, 5, 2, 4, 2, 4, 4, 3, 5, 8, 8, 5, 8, 1, 5, 8, 8, 8, 1, 1, 5, 10, 8, 7, 7, 2, 3, 6, 3, 8, 4, 6, 3, 3, 8, 5, 8, 8, 6, 8, 8, 1, 4, 8, 9, 5, 8, 8] f(x) = 0.07497776132372863
Best solution in generation 39 is: x = [6, 6, 3, 9, 3, 6, 3, 3, 10, 1, 7, 9, 7, 2, 1, 3, 9, 9, 6, 9, 2, 4, 5, 4, 3, 9, 3, 5, 3, 3, 9, 1, 6, 10, 1, 2, 7, 9, 7, 2, 2, 10, 7, 3, 4, 2, 6, 5, 5, 10, 7, 4, 3, 4, 8, 10, 1, 2, 5, 2, 4, 2, 4, 4, 3, 5, 8, 8, 5, 8, 1, 5, 8, 8, 8, 1, 1, 5, 10, 8, 7, 7, 1, 9, 6, 3, 8, 4, 6, 3, 3, 10, 5, 8, 8, 6, 8, 8, 1, 4, 8, 9, 5, 8, 8] f(x) = 0.07446357227698365
Best solution in generation 40 is: x = [6, 6, 3, 9, 3, 6, 3, 3, 10, 1, 7, 9, 7, 2, 1, 3, 9, 9, 6, 9, 2, 4, 5, 4, 3, 9, 3, 5, 3, 3, 9, 1, 6, 10, 1, 2, 7, 9, 7, 2, 2, 10, 7, 1, 4, 2, 6, 5, 5, 10, 7, 4, 8, 4, 8, 10, 1, 2, 5, 2, 4, 2, 4, 4, 3, 5, 8, 8, 5, 8, 1, 5, 8, 8, 8, 1, 1, 5, 10, 8, 7, 7, 1, 9, 6, 3, 8, 4, 6, 3, 3, 10, 5, 8, 8, 6, 8, 8, 1, 4, 8, 9, 5, 8, 8] f(x) = 0.07422447437024726
Best solution in generation 41 is: x = [6, 6, 3, 9, 3, 6, 3, 3, 10, 1, 7, 9, 7, 7, 1, 3, 9, 9, 6, 9, 2, 4, 5, 4, 6, 9, 8, 5, 3, 3, 9, 1, 6, 10, 1, 2, 7, 7, 7, 2, 2, 10, 7, 4, 4, 2, 6, 5, 5, 8, 7, 4, 8, 4, 8, 10, 1, 1, 5, 2, 4, 2, 4, 4, 3, 5, 8, 8, 5, 8, 1, 5, 8, 8, 8, 1, 1, 5, 10, 8, 7, 7, 2, 3, 6, 3, 8, 4, 6, 3, 3, 8, 5, 8, 8, 6, 8, 8, 1, 4, 8, 9, 5, 8, 8] f(x) = 0.07419619397267639
Best solution in generation 42 is: x = [6, 6, 3, 9, 3, 6, 3, 3, 10, 3, 3, 9, 7, 2, 1, 3, 10, 9, 6, 9, 2, 4, 5, 1, 3, 2, 8, 7, 3, 3, 1, 1, 6, 10, 2, 3, 7, 3, 3, 2, 2, 7, 2, 10, 2, 1, 6, 3, 10, 10, 2, 4, 8, 4, 8, 3, 1, 1, 5, 2, 9, 2, 4, 4, 3, 5, 8, 3, 5, 7, 6, 5, 8, 8, 6, 1, 1, 5, 2, 8, 1, 7, 9, 2, 6, 8, 8, 8, 6, 3, 4, 10, 5, 1, 2, 10, 8, 8, 8, 4, 8, 9, 5, 8, 8] f(x) = 0.07753842277651836
Best solution in generation 43 is: x = [6, 6, 3, 9, 3, 6, 3, 3, 10, 3, 3, 9, 7, 2, 1, 3, 10, 9, 6, 9, 2, 4, 5, 10, 3, 2, 8, 7, 3, 3, 1, 1, 6, 10, 2, 3, 10, 3, 3, 2, 2, 7, 2, 10, 2, 1, 6, 3, 10, 10, 2, 4, 8, 4, 8, 3, 1, 1, 5, 2, 9, 2, 4, 4, 3, 5, 8, 7, 5, 7, 1, 5, 8, 8, 6, 1, 1, 5, 2, 8, 1, 7, 9, 2, 6, 8, 8, 8, 6, 3, 3, 10, 5, 1, 2, 10, 8, 8, 8, 4, 8, 9, 2, 8, 8] f(x) = 0.07851538196533377
Best solution in generation 44 is: x = [6, 6, 3, 9, 3, 6, 3, 3, 10, 3, 3, 9, 7, 2, 1, 3, 10, 9, 6, 9, 2, 4, 5, 10, 3, 2, 8, 7, 3, 3, 1, 1, 6, 10, 2, 3, 10, 3, 3, 2, 2, 7, 2, 10, 2, 1, 2, 3, 10, 10, 2, 4, 8, 4, 8, 3, 1, 1, 5, 2, 9, 2, 4, 4, 3, 5, 8, 7, 5, 7, 1, 5, 8, 8, 6, 1, 1, 5, 2, 8, 1, 7, 9, 2, 6, 8, 8, 8, 6, 3, 3, 10, 5, 1, 2, 10, 8, 8, 8, 4, 8, 9, 2, 8, 8] f(x) = 0.0795720404563946
Best solution in generation 45 is: x = [6, 6, 3, 9, 3, 6, 3, 3, 10, 4, 3, 9, 7, 2, 1, 3, 10, 9, 6, 9, 2, 4, 5, 10, 3, 2, 8, 7, 3, 3, 1, 1, 6, 10, 2, 3, 10, 3, 3, 2, 2, 7, 2, 10, 2, 1, 2, 3, 10, 10, 2, 4, 8, 4, 8, 3, 1, 1, 5, 2, 9, 2, 4, 4, 3, 5, 8, 7, 5, 7, 1, 5, 8, 8, 6, 1, 1, 5, 2, 8, 1, 7, 9, 2, 6, 8, 8, 8, 6, 3, 3, 10, 5, 1, 2, 10, 8, 8, 8, 4, 8, 9, 2, 8, 8] f(x) = 0.08012993557211284
Best solution in generation 46 is: x = [6, 6, 3, 9, 3, 6, 3, 3, 10, 4, 3, 9, 7, 2, 1, 3, 10, 9, 6, 9, 2, 4, 5, 10, 3, 2, 8, 7, 3, 3, 1, 1, 6, 10, 2, 3, 10, 3, 3, 2, 2, 7, 2, 10, 2, 1, 2, 3, 10, 10, 2, 4, 8, 4, 3, 3, 1, 1, 5, 2, 9, 2, 4, 4, 3, 5, 8, 7, 5, 7, 1, 5, 8, 8, 6, 1, 1, 5, 2, 8, 1, 7, 9, 2, 6, 8, 8, 8, 6, 3, 3, 10, 5, 1, 2, 10, 8, 8, 8, 4, 8, 9, 2, 8, 8] f(x) = 0.08126372242018554
Best solution in generation 47 is: x = [6, 6, 3, 9, 3, 6, 3, 3, 10, 4, 3, 9, 7, 2, 1, 3, 10, 9, 6, 9, 2, 4, 5, 10, 3, 2, 8, 7, 3, 3, 1, 1, 6, 10, 2, 3, 10, 3, 3, 2, 2, 7, 2, 10, 2, 1, 2, 3, 10, 10, 2, 4, 8, 4, 3, 3, 1, 1, 5, 2, 9, 2, 4, 4, 3, 5, 8, 7, 5, 7, 1, 5, 8, 8, 6, 1, 1, 5, 2, 8, 1, 7, 9, 2, 6, 8, 8, 8, 6, 3, 3, 10, 5, 1, 2, 10, 8, 8, 8, 4, 8, 9, 2, 8, 8] f(x) = 0.08126372242018554
Best solution in generation 48 is: x = [6, 6, 3, 9, 3, 6, 3, 3, 10, 4, 3, 9, 7, 2, 1, 3, 10, 9, 6, 9, 2, 4, 5, 10, 3, 2, 8, 7, 3, 3, 1, 1, 6, 10, 2, 3, 10, 3, 3, 2, 2, 7, 2, 10, 2, 1, 2, 3, 10, 10, 2, 4, 8, 4, 3, 3, 1, 1, 5, 2, 9, 2, 4, 4, 3, 5, 8, 7, 5, 7, 1, 5, 8, 8, 6, 1, 1, 5, 2, 8, 1, 7, 9, 2, 6, 8, 8, 8, 6, 3, 3, 10, 5, 1, 2, 10, 8, 8, 8, 4, 8, 9, 2, 8, 8] f(x) = 0.08126372242018554
Best solution in generation 49 is: x = [5, 6, 3, 9, 3, 6, 3, 3, 10, 1, 7, 9, 7, 2, 1, 3, 9, 9, 6, 9, 9, 4, 5, 4, 3, 9, 3, 1, 3, 3, 4, 1, 6, 10, 1, 2, 7, 10, 7, 2, 2, 10, 7, 3, 4, 2, 6, 5, 5, 10, 3, 4, 8, 4, 1, 10, 1, 2, 5, 2, 4, 2, 4, 4, 5, 5, 8, 8, 5, 5, 1, 5, 8, 8, 8, 1, 1, 5, 10, 8, 7, 7, 1, 9, 6, 3, 8, 4, 6, 3, 3, 10, 3, 8, 8, 6, 8, 8, 1, 4, 8, 9, 5, 8, 8] f(x) = 0.08054899964520992
Best solution in generation 50 is: x = [6, 6, 3, 9, 3, 6, 3, 3, 10, 4, 3, 9, 7, 2, 1, 3, 10, 9, 6, 9, 2, 4, 5, 10, 3, 2, 8, 7, 3, 3, 1, 1, 6, 10, 2, 3, 10, 3, 3, 2, 2, 7, 2, 10, 2, 1, 2, 3, 10, 10, 2, 4, 8, 4, 3, 3, 1, 1, 5, 2, 9, 2, 4, 4, 3, 7, 8, 7, 5, 7, 1, 5, 8, 8, 6, 1, 1, 5, 2, 8, 1, 7, 9, 2, 6, 8, 8, 8, 6, 3, 3, 10, 5, 1, 2, 10, 8, 8, 8, 4, 8, 9, 2, 8, 8] f(x) = 0.08117116839177144
Best solution in generation 51 is: x = [6, 6, 3, 9, 3, 6, 3, 3, 10, 4, 3, 9, 7, 2, 1, 3, 10, 9, 6, 9, 2, 4, 5, 10, 3, 2, 8, 7, 3, 3, 1, 1, 6, 10, 2, 3, 10, 3, 3, 2, 2, 7, 2, 10, 2, 1, 2, 3, 10, 10, 2, 4, 8, 4, 3, 3, 1, 1, 5, 2, 9, 2, 4, 4, 3, 7, 8, 7, 5, 7, 1, 5, 8, 8, 6, 1, 1, 5, 2, 8, 1, 7, 9, 2, 6, 8, 8, 8, 6, 3, 3, 10, 5, 1, 2, 10, 8, 8, 8, 4, 8, 9, 2, 8, 8] f(x) = 0.08117116839177144
Best solution in generation 52 is: x = [5, 6, 3, 9, 3, 6, 3, 3, 10, 1, 7, 9, 7, 2, 1, 3, 6, 9, 6, 9, 9, 4, 5, 4, 3, 9, 3, 1, 3, 3, 4, 1, 7, 10, 1, 2, 7, 10, 7, 2, 2, 10, 7, 3, 4, 2, 6, 5, 5, 10, 7, 4, 8, 4, 1, 10, 1, 2, 5, 2, 4, 2, 4, 4, 5, 5, 8, 8, 5, 5, 1, 5, 8, 8, 8, 1, 1, 5, 10, 8, 7, 7, 1, 9, 8, 3, 8, 4, 6, 3, 5, 10, 5, 8, 8, 6, 8, 8, 1, 4, 8, 9, 5, 8, 8] f(x) = 0.08872203454322058
Best solution in generation 53 is: x = [6, 6, 3, 9, 3, 6, 3, 3, 10, 4, 3, 9, 7, 2, 1, 3, 10, 9, 6, 9, 2, 4, 5, 10, 3, 2, 8, 7, 3, 3, 1, 1, 6, 10, 2, 3, 10, 3, 3, 2, 2, 7, 2, 10, 2, 1, 2, 3, 10, 10, 2, 4, 8, 4, 3, 3, 1, 1, 5, 2, 9, 2, 4, 4, 3, 7, 8, 7, 5, 7, 1, 5, 8, 8, 6, 1, 1, 5, 2, 4, 1, 10, 9, 2, 8, 8, 8, 8, 6, 3, 3, 10, 5, 1, 2, 10, 8, 8, 8, 4, 8, 9, 2, 8, 8] f(x) = 0.08476534982851855
Best solution in generation 54 is: x = [6, 6, 3, 9, 3, 6, 3, 3, 10, 4, 3, 9, 7, 2, 1, 3, 10, 9, 6, 9, 2, 4, 5, 10, 3, 2, 8, 7, 3, 3, 1, 1, 6, 10, 2, 3, 10, 3, 3, 2, 2, 7, 2, 10, 2, 1, 2, 3, 10, 10, 2, 4, 8, 4, 3, 3, 1, 1, 5, 2, 9, 2, 4, 4, 3, 7, 8, 7, 5, 7, 1, 5, 8, 8, 6, 1, 1, 5, 2, 4, 1, 10, 9, 2, 8, 8, 8, 8, 6, 3, 2, 10, 5, 1, 2, 10, 8, 8, 8, 4, 8, 9, 2, 8, 8] f(x) = 0.08480648495225815
Best solution in generation 55 is: x = [5, 6, 3, 9, 3, 6, 3, 3, 10, 4, 7, 9, 7, 2, 1, 7, 6, 9, 6, 9, 9, 4, 5, 4, 3, 9, 3, 4, 3, 3, 4, 1, 7, 10, 1, 2, 7, 10, 7, 2, 2, 10, 7, 3, 4, 2, 6, 5, 5, 5, 7, 4, 8, 4, 1, 10, 1, 2, 5, 2, 4, 2, 4, 4, 5, 5, 8, 8, 5, 5, 1, 5, 8, 8, 8, 1, 1, 5, 10, 8, 7, 7, 1, 9, 6, 5, 8, 4, 6, 3, 5, 10, 5, 8, 8, 6, 8, 8, 1, 4, 8, 9, 5, 8, 8] f(x) = 0.08578087319583966
Best solution in generation 56 is: x = [6, 6, 3, 9, 3, 6, 3, 3, 10, 3, 3, 2, 7, 2, 1, 3, 10, 9, 6, 9, 2, 4, 5, 1, 3, 2, 1, 7, 3, 3, 1, 1, 6, 10, 2, 3, 7, 3, 3, 2, 2, 7, 2, 2, 2, 1, 6, 3, 3, 10, 2, 4, 8, 4, 7, 3, 1, 1, 5, 2, 9, 3, 4, 4, 3, 7, 8, 3, 5, 7, 1, 5, 8, 8, 6, 1, 1, 5, 2, 8, 8, 7, 7, 2, 6, 8, 8, 6, 6, 3, 4, 10, 5, 1, 2, 10, 8, 8, 8, 4, 8, 9, 5, 8, 8] f(x) = 0.08548007260349395
Best solution in generation 57 is: x = [6, 6, 3, 9, 3, 6, 3, 3, 10, 3, 3, 2, 7, 2, 1, 3, 10, 9, 6, 9, 2, 4, 5, 1, 3, 2, 1, 7, 3, 3, 1, 1, 6, 10, 2, 3, 7, 3, 3, 2, 2, 7, 2, 2, 2, 1, 6, 3, 3, 10, 2, 4, 8, 4, 7, 3, 1, 1, 5, 2, 9, 3, 4, 4, 3, 7, 8, 3, 5, 5, 1, 5, 8, 8, 6, 1, 1, 5, 2, 8, 8, 7, 7, 2, 6, 8, 8, 6, 6, 3, 4, 10, 5, 1, 2, 10, 8, 8, 8, 4, 8, 9, 5, 8, 8] f(x) = 0.08551349489153237
Best solution in generation 58 is: x = [6, 6, 3, 9, 3, 6, 6, 3, 10, 3, 3, 2, 7, 2, 1, 3, 10, 9, 6, 9, 2, 4, 5, 1, 3, 2, 1, 7, 3, 3, 1, 1, 6, 10, 2, 3, 7, 10, 3, 2, 2, 7, 2, 2, 2, 1, 6, 1, 3, 10, 2, 4, 8, 4, 8, 3, 1, 1, 5, 2, 9, 2, 4, 4, 5, 5, 8, 3, 5, 7, 1, 5, 8, 8, 6, 1, 1, 5, 2, 8, 8, 7, 7, 2, 6, 8, 8, 6, 6, 3, 4, 10, 5, 1, 2, 10, 8, 8, 8, 4, 8, 9, 5, 8, 8] f(x) = 0.0869995012366252
Best solution in generation 59 is: x = [6, 6, 3, 9, 3, 6, 3, 3, 10, 3, 3, 2, 7, 2, 1, 3, 10, 9, 6, 9, 2, 4, 5, 1, 3, 2, 1, 3, 3, 3, 1, 1, 6, 10, 2, 3, 2, 3, 3, 2, 2, 7, 2, 2, 2, 1, 6, 3, 3, 10, 2, 4, 8, 2, 8, 3, 1, 1, 5, 2, 9, 2, 4, 4, 3, 5, 8, 3, 5, 7, 1, 5, 8, 8, 6, 1, 1, 5, 2, 8, 8, 7, 7, 2, 6, 8, 8, 6, 6, 3, 4, 10, 5, 1, 2, 10, 8, 8, 8, 4, 8, 9, 5, 8, 8] f(x) = 0.08602511299304359
Best solution in generation 60 is: x = [6, 6, 3, 9, 3, 6, 3, 3, 10, 3, 3, 2, 7, 2, 1, 3, 10, 9, 6, 9, 2, 4, 5, 1, 3, 2, 1, 7, 3, 3, 1, 1, 6, 10, 2, 3, 7, 3, 3, 2, 2, 7, 2, 2, 2, 4, 6, 3, 3, 10, 2, 4, 8, 4, 7, 3, 1, 1, 5, 2, 9, 3, 4, 4, 3, 7, 8, 3, 5, 7, 1, 5, 8, 8, 6, 1, 1, 5, 2, 8, 8, 7, 5, 4, 6, 8, 8, 6, 6, 3, 4, 4, 5, 1, 2, 10, 8, 8, 8, 4, 8, 9, 5, 8, 8] f(x) = 0.08715375795064867
Best solution in generation 61 is: x = [6, 6, 3, 9, 3, 6, 3, 3, 10, 3, 3, 2, 7, 2, 1, 3, 10, 9, 6, 9, 2, 4, 5, 1, 3, 2, 4, 7, 3, 3, 1, 1, 6, 10, 2, 3, 7, 3, 3, 2, 2, 7, 2, 2, 2, 1, 6, 3, 3, 10, 2, 3, 8, 4, 8, 3, 2, 1, 5, 2, 9, 2, 4, 4, 3, 5, 8, 3, 5, 3, 1, 5, 8, 8, 6, 1, 1, 5, 2, 8, 8, 7, 7, 2, 6, 8, 8, 6, 6, 3, 4, 10, 5, 1, 2, 10, 8, 8, 8, 4, 8, 9, 5, 8, 8] f(x) = 0.08860891295293684
Best solution in generation 62 is: x = [6, 6, 3, 9, 3, 6, 3, 3, 10, 3, 3, 2, 7, 2, 6, 3, 10, 9, 6, 9, 2, 4, 5, 1, 3, 2, 4, 7, 3, 3, 1, 1, 6, 10, 2, 3, 7, 3, 3, 2, 2, 7, 2, 2, 2, 1, 6, 3, 3, 10, 2, 3, 8, 4, 8, 3, 2, 1, 5, 2, 9, 2, 4, 4, 3, 5, 8, 3, 5, 3, 1, 5, 8, 8, 6, 1, 1, 5, 2, 8, 8, 7, 7, 2, 6, 8, 8, 6, 6, 3, 4, 10, 5, 1, 2, 10, 8, 8, 8, 4, 8, 9, 5, 8, 8] f(x) = 0.08874774399555795
Best solution in generation 63 is: x = [6, 6, 3, 9, 3, 6, 3, 5, 10, 3, 3, 2, 7, 2, 1, 3, 9, 9, 6, 4, 2, 4, 5, 1, 3, 2, 1, 10, 3, 3, 1, 1, 6, 10, 2, 3, 7, 3, 3, 2, 2, 7, 2, 2, 2, 1, 6, 3, 3, 10, 2, 4, 8, 9, 8, 3, 1, 1, 5, 2, 9, 2, 4, 4, 3, 5, 8, 3, 5, 7, 1, 5, 8, 8, 6, 1, 1, 5, 2, 8, 8, 7, 7, 2, 8, 8, 8, 6, 6, 3, 4, 10, 5, 1, 2, 10, 8, 8, 8, 4, 8, 9, 5, 8, 8] f(x) = 0.08978640586998267
Best solution in generation 64 is: x = [6, 6, 3, 9, 3, 6, 3, 3, 10, 3, 3, 2, 7, 2, 1, 3, 10, 9, 6, 9, 2, 4, 5, 1, 3, 2, 1, 3, 3, 3, 1, 1, 6, 10, 2, 3, 2, 3, 3, 2, 2, 7, 2, 2, 2, 1, 6, 3, 3, 5, 2, 4, 8, 4, 8, 3, 1, 1, 5, 5, 9, 2, 4, 4, 3, 5, 8, 3, 5, 7, 1, 5, 8, 8, 6, 1, 1, 5, 2, 8, 8, 7, 7, 2, 8, 8, 8, 6, 6, 3, 4, 10, 4, 1, 1, 10, 8, 8, 8, 4, 8, 9, 5, 8, 8] f(x) = 0.09003835850288767
Best solution in generation 65 is: x = [6, 6, 3, 9, 3, 6, 3, 3, 10, 3, 3, 2, 7, 2, 1, 3, 10, 9, 6, 9, 2, 4, 8, 1, 3, 2, 1, 3, 3, 3, 1, 1, 6, 10, 2, 3, 2, 3, 3, 2, 2, 7, 2, 2, 2, 1, 6, 3, 3, 10, 2, 4, 8, 4, 8, 3, 1, 1, 5, 5, 9, 2, 4, 4, 3, 5, 8, 3, 5, 7, 1, 5, 8, 8, 6, 1, 1, 5, 2, 8, 8, 7, 7, 2, 8, 8, 8, 6, 6, 3, 4, 10, 4, 8, 1, 10, 8, 8, 8, 4, 8, 9, 5, 8, 8] f(x) = 0.09067852386608508
Best solution in generation 66 is: x = [6, 6, 3, 9, 3, 6, 3, 3, 10, 3, 3, 2, 7, 2, 1, 3, 10, 9, 6, 9, 2, 4, 5, 1, 3, 2, 1, 3, 3, 3, 1, 1, 6, 10, 2, 3, 2, 3, 3, 2, 2, 2, 2, 2, 2, 1, 6, 3, 3, 5, 2, 4, 8, 4, 8, 3, 1, 1, 5, 5, 9, 2, 4, 4, 3, 5, 8, 3, 5, 7, 1, 5, 8, 8, 6, 1, 1, 5, 2, 8, 8, 7, 7, 2, 8, 8, 8, 6, 6, 3, 4, 10, 4, 1, 1, 10, 8, 8, 8, 4, 8, 9, 5, 8, 7] f(x) = 0.0910076048560019
Best solution in generation 67 is: x = [6, 6, 3, 9, 3, 6, 3, 5, 10, 3, 3, 2, 7, 2, 1, 3, 9, 9, 6, 4, 2, 4, 8, 1, 3, 2, 1, 10, 3, 3, 1, 1, 6, 10, 2, 3, 7, 3, 3, 2, 2, 7, 2, 2, 2, 1, 6, 3, 3, 10, 2, 4, 8, 9, 8, 3, 1, 1, 5, 2, 9, 2, 4, 4, 3, 5, 8, 3, 5, 7, 1, 5, 8, 8, 6, 1, 1, 5, 2, 8, 8, 7, 7, 2, 6, 8, 8, 6, 6, 8, 4, 10, 5, 1, 1, 10, 8, 8, 8, 4, 8, 9, 5, 8, 8] f(x) = 0.09162463171209581
Best solution in generation 68 is: x = [6, 6, 3, 9, 3, 6, 3, 5, 10, 3, 3, 2, 7, 2, 1, 3, 9, 9, 6, 4, 2, 4, 8, 1, 3, 2, 1, 10, 3, 3, 1, 1, 6, 10, 2, 3, 7, 3, 3, 2, 2, 7, 2, 2, 2, 1, 6, 3, 3, 10, 2, 4, 8, 9, 8, 3, 1, 1, 5, 2, 9, 2, 4, 4, 5, 5, 8, 3, 5, 7, 1, 5, 8, 8, 6, 1, 1, 5, 2, 8, 8, 7, 7, 2, 6, 8, 8, 6, 6, 8, 4, 10, 5, 1, 1, 10, 8, 8, 8, 4, 8, 9, 5, 8, 8] f(x) = 0.09446295525012778
Best solution in generation 69 is: x = [6, 6, 3, 9, 3, 6, 3, 5, 10, 3, 3, 2, 7, 2, 1, 3, 9, 9, 6, 4, 2, 4, 8, 1, 3, 2, 1, 10, 3, 3, 1, 1, 6, 10, 2, 3, 7, 3, 3, 2, 2, 7, 2, 2, 2, 1, 6, 3, 3, 10, 2, 4, 8, 9, 8, 3, 1, 1, 5, 2, 9, 2, 4, 4, 5, 5, 8, 3, 5, 7, 1, 5, 8, 8, 6, 1, 1, 5, 2, 8, 8, 7, 7, 2, 6, 8, 8, 6, 6, 8, 4, 10, 5, 1, 1, 10, 8, 8, 8, 4, 8, 9, 5, 8, 8] f(x) = 0.09446295525012778
Best solution in generation 70 is: x = [6, 6, 3, 9, 3, 6, 3, 5, 10, 3, 3, 2, 7, 2, 1, 3, 9, 9, 6, 5, 2, 4, 8, 1, 3, 2, 1, 10, 3, 3, 1, 1, 6, 10, 2, 3, 7, 3, 3, 2, 2, 7, 2, 2, 2, 1, 6, 3, 3, 10, 2, 4, 8, 9, 8, 3, 1, 1, 5, 2, 9, 2, 4, 4, 3, 5, 8, 3, 5, 2, 1, 5, 8, 8, 6, 1, 1, 5, 2, 8, 8, 7, 7, 5, 6, 8, 8, 6, 6, 8, 4, 10, 5, 1, 2, 10, 8, 8, 8, 4, 8, 9, 5, 8, 8] f(x) = 0.09282012124577774
Best solution in generation 71 is: x = [6, 6, 3, 9, 3, 2, 3, 5, 10, 3, 3, 2, 7, 2, 1, 3, 9, 9, 6, 4, 2, 4, 8, 1, 3, 2, 1, 10, 3, 3, 1, 1, 6, 10, 2, 3, 7, 3, 3, 2, 2, 7, 2, 2, 2, 1, 6, 3, 3, 1, 2, 4, 8, 9, 8, 3, 1, 1, 5, 2, 9, 2, 4, 4, 5, 5, 8, 3, 5, 7, 1, 5, 8, 8, 6, 1, 1, 5, 2, 8, 8, 7, 7, 2, 6, 8, 8, 6, 6, 8, 4, 10, 5, 1, 1, 9, 8, 8, 8, 4, 8, 9, 5, 8, 8] f(x) = 0.09516482329893458
Best solution in generation 72 is: x = [6, 6, 3, 9, 3, 2, 3, 5, 10, 3, 3, 2, 7, 2, 1, 3, 9, 9, 6, 4, 2, 4, 8, 1, 3, 2, 1, 10, 3, 3, 1, 1, 6, 10, 2, 3, 7, 3, 3, 2, 2, 7, 2, 2, 2, 1, 6, 3, 3, 10, 2, 4, 8, 9, 8, 3, 1, 1, 5, 2, 10, 2, 4, 4, 5, 5, 8, 3, 5, 7, 1, 5, 8, 8, 6, 1, 1, 5, 2, 8, 8, 7, 7, 2, 6, 8, 8, 6, 6, 8, 4, 10, 5, 8, 1, 10, 8, 8, 8, 4, 8, 9, 5, 8, 8] f(x) = 0.09294866850746393
Best solution in generation 73 is: x = [6, 6, 3, 9, 3, 6, 3, 5, 10, 3, 3, 2, 7, 2, 10, 3, 9, 9, 6, 4, 2, 4, 8, 1, 3, 2, 1, 10, 3, 3, 1, 1, 6, 10, 2, 3, 7, 3, 3, 2, 2, 7, 2, 2, 2, 1, 6, 1, 3, 4, 2, 5, 8, 9, 8, 3, 1, 1, 5, 2, 9, 2, 4, 4, 3, 5, 8, 3, 5, 7, 1, 5, 8, 8, 6, 1, 1, 5, 2, 8, 8, 7, 7, 2, 6, 8, 8, 6, 6, 8, 4, 10, 5, 1, 1, 10, 8, 8, 8, 4, 8, 9, 5, 8, 8] f(x) = 0.09415701276731454
Best solution in generation 74 is: x = [6, 6, 3, 9, 3, 6, 3, 3, 10, 3, 3, 2, 7, 2, 1, 3, 10, 3, 6, 9, 2, 4, 8, 1, 3, 2, 1, 3, 3, 3, 1, 1, 6, 3, 2, 3, 6, 3, 3, 2, 2, 7, 2, 2, 2, 1, 6, 3, 3, 10, 2, 4, 8, 4, 8, 3, 1, 1, 5, 5, 9, 2, 4, 10, 3, 5, 8, 1, 5, 7, 1, 5, 8, 8, 6, 1, 1, 5, 2, 8, 8, 7, 7, 8, 8, 8, 8, 6, 6, 3, 4, 10, 4, 8, 10, 10, 8, 8, 6, 4, 8, 9, 5, 8, 8] f(x) = 0.09497457335163889
Best solution in generation 75 is: x = [6, 6, 3, 9, 3, 2, 3, 5, 10, 3, 3, 2, 7, 2, 1, 3, 9, 9, 6, 4, 2, 4, 8, 1, 3, 2, 1, 10, 3, 3, 1, 1, 6, 7, 2, 3, 7, 3, 3, 2, 2, 7, 2, 2, 2, 1, 6, 3, 3, 10, 2, 4, 8, 9, 8, 3, 1, 1, 5, 2, 10, 2, 4, 4, 5, 5, 8, 3, 5, 7, 1, 5, 8, 8, 6, 1, 1, 5, 2, 6, 8, 7, 7, 2, 6, 8, 8, 6, 6, 8, 4, 10, 5, 8, 1, 10, 8, 8, 8, 4, 8, 1, 5, 8, 8] f(x) = 0.09447580997629633
Best solution in generation 76 is: x = [6, 6, 3, 9, 3, 2, 3, 5, 10, 3, 3, 2, 7, 2, 1, 3, 9, 9, 6, 4, 2, 4, 8, 1, 3, 2, 1, 10, 3, 3, 1, 1, 6, 10, 2, 3, 7, 3, 3, 2, 2, 7, 2, 2, 2, 1, 6, 3, 3, 10, 2, 4, 8, 9, 8, 3, 1, 1, 5, 4, 10, 6, 4, 4, 5, 5, 8, 3, 5, 7, 1, 5, 8, 8, 6, 1, 1, 5, 2, 8, 8, 7, 7, 2, 6, 8, 8, 6, 6, 8, 4, 7, 5, 8, 1, 10, 8, 8, 8, 4, 8, 9, 5, 8, 8] f(x) = 0.09593610686905193
Best solution in generation 77 is: x = [6, 6, 3, 9, 3, 6, 3, 5, 10, 3, 3, 2, 7, 2, 1, 3, 9, 9, 6, 5, 2, 4, 8, 1, 3, 2, 1, 10, 3, 3, 1, 1, 6, 3, 2, 3, 7, 3, 3, 2, 2, 7, 2, 2, 2, 1, 6, 3, 3, 10, 2, 4, 8, 9, 8, 3, 1, 1, 5, 6, 9, 1, 4, 4, 3, 5, 8, 3, 5, 2, 1, 5, 8, 8, 6, 1, 1, 5, 2, 8, 8, 7, 7, 5, 6, 8, 8, 6, 6, 8, 4, 10, 5, 1, 2, 10, 8, 8, 8, 6, 8, 9, 5, 8, 8] f(x) = 0.09483317136378416
Best solution in generation 78 is: x = [6, 6, 3, 9, 3, 2, 3, 5, 10, 3, 3, 2, 7, 2, 1, 3, 7, 9, 6, 4, 2, 4, 8, 1, 3, 2, 1, 10, 3, 3, 1, 1, 8, 7, 2, 3, 7, 3, 3, 2, 2, 7, 2, 2, 2, 1, 6, 3, 3, 10, 2, 4, 8, 9, 8, 3, 1, 1, 5, 2, 10, 2, 4, 4, 5, 5, 8, 3, 5, 7, 1, 5, 8, 8, 6, 1, 1, 5, 2, 6, 8, 7, 7, 2, 8, 8, 8, 6, 6, 8, 4, 10, 5, 8, 1, 10, 8, 8, 8, 4, 8, 1, 5, 8, 8] f(x) = 0.09666111342496227
Best solution in generation 79 is: x = [6, 6, 3, 9, 3, 2, 3, 5, 10, 3, 3, 2, 7, 2, 1, 3, 7, 9, 6, 4, 2, 4, 8, 1, 3, 2, 1, 10, 3, 3, 1, 1, 8, 7, 2, 3, 7, 3, 3, 2, 2, 7, 2, 2, 2, 1, 6, 3, 3, 10, 2, 4, 8, 9, 8, 3, 1, 1, 5, 2, 10, 2, 4, 4, 5, 5, 8, 3, 5, 7, 1, 5, 8, 8, 6, 1, 1, 5, 2, 6, 8, 7, 7, 1, 8, 8, 8, 6, 6, 8, 4, 10, 5, 8, 1, 10, 8, 8, 8, 4, 8, 1, 5, 8, 8] f(x) = 0.10002390979067412
Best solution in generation 80 is: x = [6, 6, 3, 9, 3, 2, 3, 5, 10, 3, 3, 2, 7, 2, 1, 3, 7, 9, 6, 4, 2, 4, 8, 1, 3, 2, 1, 10, 3, 3, 1, 1, 8, 7, 2, 3, 7, 3, 3, 2, 2, 7, 2, 2, 2, 1, 6, 3, 3, 10, 2, 4, 9, 9, 8, 3, 1, 1, 5, 2, 10, 2, 4, 4, 5, 5, 8, 3, 5, 7, 1, 5, 8, 8, 6, 1, 1, 5, 2, 6, 8, 7, 7, 1, 8, 8, 8, 6, 6, 8, 4, 10, 5, 8, 1, 10, 8, 8, 8, 4, 8, 1, 5, 8, 8] f(x) = 0.09917292691831124
Best solution in generation 81 is: x = [6, 6, 3, 9, 3, 2, 3, 5, 10, 3, 3, 2, 7, 2, 1, 3, 9, 9, 6, 4, 2, 4, 8, 1, 9, 2, 1, 10, 3, 3, 1, 1, 6, 8, 2, 3, 7, 3, 3, 2, 2, 7, 2, 2, 2, 1, 6, 3, 3, 10, 2, 4, 8, 9, 8, 3, 1, 1, 5, 4, 10, 6, 4, 4, 5, 5, 8, 3, 5, 7, 1, 5, 8, 8, 6, 1, 1, 5, 2, 8, 8, 7, 7, 1, 6, 8, 8, 6, 6, 8, 4, 7, 5, 8, 1, 10, 8, 8, 8, 4, 8, 9, 5, 8, 8] f(x) = 0.09814454882482143
Best solution in generation 82 is: x = [6, 6, 3, 9, 3, 2, 3, 5, 10, 3, 3, 2, 7, 2, 2, 3, 9, 9, 6, 4, 2, 4, 8, 9, 3, 2, 6, 3, 3, 3, 1, 1, 6, 10, 2, 3, 7, 3, 3, 2, 2, 7, 2, 2, 2, 1, 6, 3, 3, 10, 2, 5, 8, 9, 8, 3, 1, 1, 5, 2, 10, 2, 4, 4, 5, 5, 8, 3, 5, 7, 1, 5, 8, 8, 6, 1, 1, 5, 2, 6, 8, 7, 7, 2, 6, 8, 8, 6, 6, 8, 4, 10, 5, 8, 1, 10, 8, 8, 8, 4, 8, 1, 5, 8, 8] f(x) = 0.10002905168114147
Best solution in generation 83 is: x = [6, 6, 3, 9, 3, 2, 3, 5, 10, 3, 3, 2, 7, 2, 2, 3, 9, 9, 6, 4, 2, 4, 8, 9, 3, 2, 6, 3, 3, 3, 1, 1, 6, 10, 2, 3, 7, 3, 3, 2, 2, 7, 2, 2, 2, 1, 6, 3, 3, 10, 2, 5, 8, 9, 8, 3, 1, 1, 5, 2, 10, 2, 4, 4, 5, 5, 8, 3, 5, 7, 1, 5, 8, 8, 6, 1, 1, 5, 2, 6, 8, 7, 7, 2, 6, 8, 8, 6, 6, 8, 4, 10, 4, 8, 1, 10, 8, 8, 8, 4, 8, 1, 5, 8, 8] f(x) = 0.10002905168114147
Best solution in generation 84 is: x = [6, 6, 3, 9, 3, 2, 3, 5, 10, 3, 3, 2, 7, 2, 2, 3, 9, 9, 6, 4, 2, 4, 8, 9, 3, 2, 6, 3, 3, 3, 1, 1, 6, 10, 2, 3, 7, 3, 3, 2, 2, 7, 2, 2, 2, 1, 6, 3, 3, 10, 2, 5, 8, 9, 8, 3, 1, 1, 5, 2, 10, 2, 4, 4, 5, 5, 8, 3, 5, 7, 1, 5, 8, 8, 6, 1, 1, 5, 2, 6, 8, 7, 7, 2, 6, 8, 8, 6, 6, 8, 4, 2, 4, 8, 1, 10, 8, 8, 8, 4, 8, 1, 5, 8, 8] f(x) = 0.09989536252898781
Best solution in generation 85 is: x = [6, 6, 3, 9, 3, 2, 3, 5, 10, 3, 3, 2, 7, 2, 2, 3, 9, 9, 6, 4, 2, 4, 8, 9, 3, 2, 6, 3, 10, 3, 1, 1, 6, 10, 2, 3, 7, 3, 3, 2, 2, 7, 2, 2, 2, 1, 6, 3, 3, 10, 2, 5, 8, 9, 8, 3, 1, 1, 5, 2, 10, 2, 4, 4, 5, 5, 8, 3, 5, 7, 1, 5, 8, 8, 6, 1, 1, 5, 2, 6, 8, 7, 7, 2, 6, 8, 8, 6, 6, 8, 4, 2, 4, 8, 1, 10, 8, 8, 8, 4, 8, 1, 5, 8, 8] f(x) = 0.09891069050447131
Best solution in generation 86 is: x = [6, 6, 3, 9, 3, 6, 3, 5, 2, 3, 5, 2, 7, 2, 1, 3, 9, 9, 6, 5, 2, 4, 8, 1, 3, 8, 1, 10, 3, 3, 1, 1, 6, 10, 2, 3, 7, 3, 3, 2, 2, 7, 2, 2, 2, 1, 8, 3, 3, 10, 2, 4, 8, 9, 8, 3, 1, 1, 5, 6, 9, 10, 4, 4, 3, 5, 8, 3, 5, 4, 1, 5, 8, 8, 6, 1, 1, 5, 2, 8, 8, 7, 6, 5, 6, 8, 8, 6, 6, 8, 4, 8, 5, 1, 9, 1, 8, 8, 8, 6, 8, 9, 5, 8, 8] f(x) = 0.09968197407458879
Best solution in generation 87 is: x = [6, 6, 3, 9, 3, 2, 3, 5, 10, 3, 3, 2, 7, 2, 2, 3, 9, 9, 6, 1, 2, 4, 8, 9, 3, 2, 6, 3, 10, 3, 1, 1, 6, 10, 2, 3, 7, 3, 3, 2, 2, 7, 2, 2, 2, 1, 6, 3, 3, 10, 2, 5, 8, 9, 8, 3, 1, 1, 5, 2, 10, 2, 4, 4, 5, 5, 8, 3, 5, 7, 1, 5, 8, 8, 6, 1, 1, 5, 2, 6, 8, 7, 7, 2, 6, 8, 8, 6, 6, 8, 4, 2, 4, 8, 1, 10, 8, 8, 8, 4, 8, 1, 5, 8, 8] f(x) = 0.09972053825309456
Best solution in generation 88 is: x = [6, 6, 3, 9, 3, 2, 3, 5, 10, 3, 3, 2, 7, 2, 2, 3, 9, 9, 3, 4, 2, 4, 8, 9, 3, 2, 6, 3, 10, 3, 1, 1, 6, 6, 2, 3, 7, 3, 3, 2, 2, 7, 2, 2, 2, 1, 6, 3, 3, 6, 2, 5, 8, 9, 8, 3, 1, 1, 5, 2, 10, 2, 4, 4, 5, 5, 8, 3, 5, 7, 1, 5, 8, 8, 6, 1, 1, 5, 2, 6, 8, 7, 7, 2, 6, 8, 8, 6, 6, 8, 4, 2, 4, 8, 1, 10, 8, 8, 8, 4, 8, 1, 5, 8, 8] f(x) = 0.0998593692957157
Best solution in generation 89 is: x = [6, 6, 3, 9, 3, 2, 2, 5, 10, 3, 3, 2, 7, 2, 2, 3, 9, 9, 6, 9, 2, 4, 8, 9, 3, 2, 6, 3, 10, 3, 1, 1, 6, 10, 2, 3, 7, 3, 3, 2, 2, 7, 2, 2, 2, 6, 6, 3, 3, 10, 2, 5, 8, 9, 8, 3, 1, 1, 5, 2, 10, 2, 4, 4, 5, 5, 8, 3, 5, 7, 1, 5, 8, 8, 6, 1, 1, 5, 2, 6, 8, 7, 7, 2, 6, 8, 8, 6, 6, 8, 4, 2, 4, 8, 1, 10, 8, 8, 8, 4, 8, 1, 5, 8, 8] f(x) = 0.09981309228150864
Best solution in generation 90 is: x = [6, 6, 3, 9, 3, 6, 3, 1, 2, 3, 5, 2, 7, 2, 1, 3, 9, 9, 6, 5, 2, 4, 8, 1, 3, 7, 1, 10, 3, 2, 1, 1, 6, 10, 2, 3, 7, 3, 3, 2, 2, 2, 2, 2, 2, 1, 8, 3, 3, 10, 2, 4, 8, 9, 8, 3, 1, 1, 5, 6, 9, 10, 4, 4, 3, 5, 8, 3, 5, 4, 1, 5, 8, 8, 6, 1, 1, 5, 1, 8, 8, 7, 6, 5, 6, 8, 8, 6, 6, 8, 1, 8, 5, 1, 9, 1, 8, 8, 8, 6, 8, 9, 5, 8, 8] f(x) = 0.10126310539332943
Best solution in generation 91 is: x = [6, 6, 3, 9, 3, 2, 3, 5, 10, 3, 3, 2, 7, 2, 2, 3, 9, 9, 6, 1, 2, 4, 8, 9, 3, 2, 6, 3, 10, 3, 8, 1, 6, 10, 2, 3, 7, 3, 3, 2, 2, 7, 2, 2, 2, 1, 6, 3, 3, 8, 2, 5, 8, 9, 8, 3, 1, 1, 5, 2, 10, 2, 4, 4, 5, 5, 8, 4, 5, 7, 1, 5, 8, 8, 6, 1, 1, 5, 2, 6, 8, 7, 7, 2, 6, 8, 8, 6, 6, 8, 4, 2, 10, 8, 1, 10, 8, 8, 8, 4, 8, 1, 5, 8, 8] f(x) = 0.10022444351890465
Best solution in generation 92 is: x = [6, 6, 3, 9, 3, 2, 3, 5, 10, 3, 3, 2, 9, 2, 2, 3, 9, 9, 6, 1, 2, 4, 8, 10, 3, 2, 6, 3, 10, 3, 8, 1, 6, 10, 2, 3, 7, 3, 3, 2, 2, 7, 2, 2, 2, 1, 6, 3, 3, 8, 2, 5, 8, 9, 8, 3, 1, 1, 5, 2, 10, 2, 4, 4, 5, 5, 8, 3, 5, 7, 1, 5, 8, 8, 6, 1, 1, 5, 2, 6, 8, 7, 7, 2, 6, 8, 8, 6, 6, 8, 4, 2, 10, 8, 1, 10, 8, 8, 8, 4, 8, 1, 5, 8, 8] f(x) = 0.10021930162843716
Best solution in generation 93 is: x = [6, 6, 3, 9, 3, 2, 3, 5, 10, 3, 3, 2, 7, 2, 2, 3, 9, 9, 6, 4, 3, 4, 8, 9, 3, 2, 6, 3, 10, 3, 1, 1, 6, 6, 2, 3, 7, 3, 3, 2, 2, 7, 2, 2, 2, 1, 6, 3, 3, 6, 2, 5, 8, 9, 8, 3, 1, 1, 5, 2, 10, 3, 4, 4, 5, 5, 8, 3, 5, 7, 1, 5, 8, 8, 6, 1, 1, 5, 2, 6, 1, 7, 7, 1, 6, 8, 8, 6, 6, 8, 4, 2, 4, 8, 1, 10, 8, 8, 6, 4, 8, 1, 5, 8, 8] f(x) = 0.10083375753929735
Best solution in generation 94 is: x = [6, 6, 3, 9, 3, 2, 3, 5, 10, 3, 3, 2, 9, 2, 2, 3, 9, 9, 6, 1, 2, 4, 8, 9, 3, 2, 6, 3, 10, 3, 8, 1, 6, 10, 2, 3, 7, 3, 3, 2, 2, 7, 2, 2, 2, 1, 6, 3, 3, 8, 2, 5, 8, 9, 8, 3, 1, 1, 5, 2, 10, 2, 4, 4, 5, 5, 8, 3, 5, 7, 1, 5, 8, 8, 6, 1, 1, 5, 2, 6, 8, 7, 7, 6, 6, 8, 8, 6, 6, 8, 4, 2, 10, 8, 2, 10, 8, 8, 8, 4, 8, 1, 4, 8, 8] f(x) = 0.10112684529594194
Best solution in generation 95 is: x = [6, 6, 3, 9, 3, 2, 3, 5, 10, 3, 3, 2, 9, 2, 2, 3, 9, 9, 6, 1, 2, 4, 8, 9, 3, 2, 6, 3, 10, 3, 8, 1, 6, 10, 2, 3, 7, 3, 3, 2, 2, 7, 2, 2, 2, 1, 6, 3, 3, 6, 3, 5, 8, 9, 8, 3, 1, 1, 5, 2, 10, 2, 4, 4, 5, 5, 8, 3, 5, 7, 1, 5, 8, 8, 6, 1, 8, 5, 2, 6, 8, 7, 7, 2, 6, 8, 8, 6, 6, 8, 4, 2, 10, 8, 1, 8, 8, 8, 8, 4, 8, 1, 5, 8, 8] f(x) = 0.10201125045634327
Best solution in generation 96 is: x = [6, 6, 3, 9, 3, 6, 3, 1, 2, 3, 5, 2, 7, 2, 1, 3, 9, 9, 6, 5, 2, 4, 8, 7, 3, 7, 3, 10, 3, 2, 1, 1, 6, 7, 2, 3, 7, 3, 3, 2, 2, 2, 2, 2, 2, 1, 8, 3, 3, 8, 2, 4, 8, 9, 8, 3, 8, 1, 5, 6, 9, 10, 4, 4, 3, 5, 8, 3, 5, 4, 1, 5, 8, 8, 6, 1, 1, 5, 2, 8, 8, 7, 6, 5, 6, 8, 8, 6, 6, 8, 1, 8, 5, 1, 9, 1, 8, 8, 8, 6, 8, 9, 5, 8, 8] f(x) = 0.10201382140157705
Best solution in generation 97 is: x = [6, 6, 3, 9, 3, 2, 3, 5, 10, 3, 3, 2, 9, 2, 2, 3, 9, 9, 6, 1, 2, 4, 8, 9, 8, 2, 2, 3, 10, 3, 8, 1, 6, 10, 2, 3, 7, 3, 3, 2, 2, 7, 2, 2, 2, 1, 6, 3, 3, 6, 3, 5, 8, 9, 8, 3, 1, 1, 5, 2, 10, 2, 4, 4, 5, 5, 8, 3, 5, 7, 1, 5, 8, 8, 6, 1, 8, 5, 2, 6, 8, 7, 7, 2, 6, 8, 8, 6, 6, 8, 4, 2, 10, 8, 1, 8, 8, 8, 8, 4, 8, 1, 5, 8, 8] f(x) = 0.10259999691486625
Best solution in generation 98 is: x = [6, 6, 3, 9, 3, 6, 3, 1, 2, 3, 5, 2, 7, 2, 1, 3, 9, 9, 6, 5, 2, 4, 8, 7, 3, 7, 4, 10, 3, 2, 1, 1, 6, 7, 2, 3, 7, 3, 3, 2, 2, 2, 2, 2, 2, 1, 8, 3, 3, 10, 2, 4, 8, 9, 7, 3, 8, 1, 5, 6, 9, 10, 4, 4, 3, 5, 8, 3, 5, 4, 1, 5, 8, 8, 6, 1, 1, 5, 2, 8, 8, 7, 6, 5, 6, 8, 8, 6, 6, 8, 1, 8, 5, 1, 9, 2, 8, 8, 8, 6, 8, 9, 5, 8, 8] f(x) = 0.10201639234681073
Best solution in generation 99 is: x = [6, 6, 3, 9, 3, 2, 3, 5, 10, 3, 3, 2, 9, 2, 2, 3, 9, 9, 6, 1, 2, 4, 8, 9, 8, 2, 2, 3, 10, 3, 8, 1, 6, 10, 2, 3, 7, 3, 3, 2, 2, 7, 2, 2, 2, 1, 6, 3, 3, 6, 3, 5, 10, 9, 9, 3, 1, 1, 5, 2, 10, 2, 4, 4, 5, 5, 8, 3, 5, 7, 1, 5, 8, 8, 6, 1, 8, 5, 2, 6, 8, 7, 7, 2, 6, 8, 8, 6, 6, 8, 4, 2, 10, 8, 1, 8, 8, 8, 8, 4, 8, 1, 5, 8, 8] f(x) = 0.1040422971909858
Best solution in generation 100 is: x = [6, 6, 3, 9, 3, 2, 3, 5, 10, 3, 3, 2, 9, 2, 2, 3, 9, 9, 6, 1, 2, 4, 8, 9, 8, 2, 2, 3, 10, 3, 8, 1, 6, 10, 2, 3, 7, 3, 3, 2, 2, 7, 2, 2, 2, 1, 6, 3, 6, 6, 3, 5, 8, 9, 8, 3, 1, 1, 5, 2, 10, 2, 4, 10, 5, 5, 8, 3, 5, 7, 1, 5, 8, 8, 6, 1, 8, 5, 2, 6, 8, 7, 7, 2, 6, 8, 8, 6, 6, 8, 4, 1, 10, 8, 1, 8, 8, 8, 8, 4, 8, 1, 5, 8, 8] f(x) = 0.10395745599827289
Best repres&fitness: [6, 6, 3, 9, 3, 2, 3, 5, 10, 3, 3, 2, 9, 2, 2, 3, 9, 9, 6, 1, 2, 4, 8, 9, 8, 2, 2, 3, 10, 3, 8, 1, 6, 10, 2, 3, 7, 3, 3, 2, 2, 7, 2, 2, 2, 1, 6, 3, 3, 6, 3, 5, 10, 9, 9, 3, 1, 1, 5, 2, 10, 2, 4, 4, 5, 5, 8, 3, 5, 7, 1, 5, 8, 8, 6, 1, 8, 5, 2, 6, 8, 7, 7, 2, 6, 8, 8, 6, 6, 8, 4, 2, 10, 8, 1, 8, 8, 8, 8, 4, 8, 1, 5, 8, 8] 0.1040422971909858
Nr. de comunitati: 10
Node - culoare comunitate: 
0 - 6
1 - 6
2 - 3
3 - 9
4 - 3
5 - 2
6 - 3
7 - 5
8 - 10
9 - 3
10 - 3
11 - 2
12 - 9
13 - 2
14 - 2
15 - 3
16 - 9
17 - 9
18 - 6
19 - 1
20 - 2
21 - 4
22 - 8
23 - 9
24 - 8
25 - 2
26 - 2
27 - 3
28 - 10
29 - 3
30 - 8
31 - 1
32 - 6
33 - 10
34 - 2
35 - 3
36 - 7
37 - 3
38 - 3
39 - 2
40 - 2
41 - 7
42 - 2
43 - 2
44 - 2
45 - 1
46 - 6
47 - 3
48 - 3
49 - 6
50 - 3
51 - 5
52 - 10
53 - 9
54 - 9
55 - 3
56 - 1
57 - 1
58 - 5
59 - 2
60 - 10
61 - 2
62 - 4
63 - 4
64 - 5
65 - 5
66 - 8
67 - 3
68 - 5
69 - 7
70 - 1
71 - 5
72 - 8
73 - 8
74 - 6
75 - 1
76 - 8
77 - 5
78 - 2
79 - 6
80 - 8
81 - 7
82 - 7
83 - 2
84 - 6
85 - 8
86 - 8
87 - 6
88 - 6
89 - 8
90 - 4
91 - 2
92 - 10
93 - 8
94 - 1
95 - 8
96 - 8
97 - 8
98 - 8
99 - 4
100 - 8
101 - 1
102 - 5
103 - 8
104 - 8
