Best solution in generation 0 is: x = [4, 6, 10, 1, 10, 6, 2, 3, 4, 1, 8, 9, 3, 5, 2, 4, 8, 10, 10, 10, 10, 10, 7, 3, 2, 6, 6, 3, 1, 7, 3, 10, 5, 1, 6, 9, 1, 1, 1, 7, 4, 5, 9, 6, 2, 9, 10, 9, 7, 4, 6, 4, 2, 2, 4, 3, 9, 1, 6, 4, 6, 2, 4, 5, 2, 2, 10, 5, 6, 8, 6, 10, 1, 2, 7, 6, 6] f(x) = 0.04372558745117485
Best solution in generation 1 is: x = [4, 6, 10, 1, 10, 6, 2, 3, 4, 1, 8, 9, 3, 5, 2, 4, 8, 10, 10, 10, 10, 10, 7, 3, 2, 6, 6, 3, 1, 7, 3, 10, 5, 1, 6, 9, 1, 1, 1, 7, 4, 5, 9, 6, 2, 9, 10, 9, 7, 4, 6, 4, 2, 2, 4, 3, 9, 1, 6, 4, 6, 2, 4, 5, 2, 2, 10, 5, 6, 8, 6, 10, 1, 2, 7, 6, 4] f(x) = 0.04372558745117485
Best solution in generation 2 is: x = [4, 6, 10, 1, 10, 6, 2, 3, 4, 1, 8, 9, 3, 5, 2, 4, 8, 10, 10, 10, 10, 10, 7, 3, 2, 6, 6, 3, 1, 9, 3, 10, 5, 1, 6, 9, 1, 1, 1, 7, 4, 5, 9, 6, 2, 9, 10, 9, 7, 4, 6, 4, 2, 2, 4, 3, 9, 1, 6, 4, 6, 2, 4, 5, 2, 2, 10, 5, 6, 8, 6, 10, 1, 2, 7, 6, 6] f(x) = 0.047081344162688256
Best solution in generation 3 is: x = [4, 6, 10, 1, 10, 6, 2, 3, 4, 1, 8, 9, 3, 5, 2, 4, 8, 10, 10, 10, 10, 10, 7, 3, 2, 6, 6, 3, 1, 9, 3, 10, 5, 1, 6, 9, 1, 1, 1, 7, 4, 5, 9, 6, 2, 9, 10, 9, 7, 4, 6, 4, 2, 2, 4, 3, 9, 1, 6, 4, 6, 2, 4, 5, 2, 2, 10, 5, 6, 8, 6, 10, 1, 2, 7, 6, 6] f(x) = 0.047081344162688256
Best solution in generation 4 is: x = [4, 2, 10, 1, 10, 6, 2, 3, 4, 1, 8, 9, 3, 5, 2, 4, 8, 10, 10, 10, 10, 10, 7, 3, 2, 6, 6, 1, 1, 7, 3, 10, 5, 1, 6, 9, 1, 1, 1, 7, 4, 5, 9, 6, 2, 9, 10, 9, 7, 4, 6, 4, 2, 2, 4, 3, 9, 1, 6, 4, 6, 2, 4, 5, 2, 2, 10, 5, 6, 8, 6, 10, 1, 2, 7, 6, 4] f(x) = 0.04794159588319171
Best solution in generation 5 is: x = [4, 6, 10, 1, 10, 6, 2, 3, 4, 1, 8, 9, 3, 5, 2, 4, 8, 10, 10, 10, 10, 10, 7, 3, 2, 6, 6, 3, 1, 9, 3, 10, 5, 1, 6, 9, 1, 1, 1, 7, 4, 5, 9, 6, 2, 9, 10, 9, 7, 4, 6, 4, 2, 2, 4, 3, 9, 1, 6, 4, 6, 2, 4, 2, 2, 2, 10, 5, 6, 8, 6, 10, 1, 2, 7, 6, 6] f(x) = 0.052645855291710494
Best solution in generation 6 is: x = [4, 6, 10, 1, 10, 6, 2, 3, 4, 1, 8, 9, 3, 5, 2, 4, 8, 10, 10, 10, 10, 10, 7, 3, 2, 6, 6, 3, 1, 9, 3, 10, 5, 1, 6, 9, 1, 1, 1, 7, 2, 5, 9, 6, 2, 9, 10, 9, 7, 4, 6, 4, 2, 2, 4, 3, 9, 1, 6, 4, 2, 2, 4, 5, 2, 2, 10, 5, 6, 8, 6, 10, 1, 2, 7, 6, 6] f(x) = 0.05194835389670773
Best solution in generation 7 is: x = [4, 6, 10, 1, 10, 6, 2, 3, 4, 1, 8, 9, 3, 5, 2, 4, 8, 10, 10, 10, 10, 10, 7, 3, 2, 6, 6, 3, 1, 9, 3, 10, 5, 1, 6, 9, 1, 1, 1, 7, 2, 5, 9, 6, 2, 9, 10, 9, 7, 4, 6, 4, 2, 2, 4, 3, 9, 1, 6, 4, 2, 2, 4, 5, 2, 2, 10, 4, 6, 8, 6, 10, 1, 2, 7, 6, 6] f(x) = 0.05194835389670773
Best solution in generation 8 is: x = [4, 6, 10, 1, 10, 6, 2, 3, 4, 1, 9, 9, 3, 5, 2, 4, 8, 10, 10, 10, 10, 10, 7, 3, 2, 6, 6, 3, 1, 9, 3, 10, 5, 1, 6, 9, 1, 1, 1, 7, 4, 5, 9, 6, 2, 9, 10, 9, 7, 4, 6, 4, 2, 2, 4, 3, 9, 1, 6, 4, 6, 2, 5, 5, 2, 2, 5, 5, 6, 8, 6, 10, 1, 2, 7, 6, 6] f(x) = 0.055319610639221195
Best solution in generation 9 is: x = [4, 6, 10, 1, 10, 6, 2, 3, 4, 1, 9, 9, 3, 5, 2, 4, 8, 10, 10, 10, 10, 10, 7, 3, 2, 6, 6, 3, 1, 9, 3, 10, 5, 1, 6, 9, 1, 1, 1, 7, 4, 5, 9, 6, 2, 9, 10, 9, 7, 4, 6, 4, 2, 2, 4, 3, 9, 1, 6, 4, 6, 2, 5, 5, 2, 2, 5, 5, 6, 8, 6, 10, 1, 2, 7, 6, 6] f(x) = 0.055319610639221195
Best solution in generation 10 is: x = [4, 6, 10, 1, 10, 6, 2, 3, 4, 1, 8, 9, 3, 5, 2, 2, 8, 10, 10, 10, 10, 10, 7, 3, 2, 6, 6, 6, 1, 9, 3, 10, 5, 1, 6, 9, 1, 1, 1, 7, 2, 5, 9, 6, 2, 9, 10, 9, 7, 4, 6, 4, 2, 2, 4, 3, 9, 1, 6, 4, 2, 2, 4, 5, 2, 2, 10, 5, 6, 8, 6, 10, 1, 2, 7, 6, 6] f(x) = 0.059651869303738565
Best solution in generation 11 is: x = [4, 6, 10, 1, 10, 6, 2, 3, 4, 1, 8, 9, 3, 5, 2, 2, 8, 10, 10, 10, 10, 10, 7, 3, 2, 6, 6, 6, 1, 9, 3, 10, 1, 1, 6, 9, 1, 1, 1, 7, 2, 5, 9, 6, 2, 9, 10, 9, 7, 4, 6, 4, 2, 2, 4, 3, 9, 1, 6, 4, 2, 2, 4, 5, 2, 2, 10, 5, 6, 8, 6, 10, 1, 2, 7, 6, 6] f(x) = 0.059651869303738565
Best solution in generation 12 is: x = [4, 6, 10, 1, 10, 6, 2, 3, 4, 1, 8, 9, 3, 5, 2, 2, 8, 10, 10, 10, 10, 10, 7, 3, 2, 6, 6, 6, 1, 9, 3, 10, 1, 9, 6, 9, 1, 1, 1, 7, 2, 5, 9, 6, 2, 9, 10, 9, 7, 4, 6, 4, 2, 2, 4, 3, 9, 1, 6, 4, 2, 2, 4, 5, 2, 2, 10, 5, 6, 8, 6, 10, 1, 2, 7, 6, 6] f(x) = 0.061620373240746436
Best solution in generation 13 is: x = [4, 6, 10, 10, 10, 6, 2, 4, 4, 1, 8, 9, 3, 9, 2, 4, 8, 10, 10, 10, 10, 10, 7, 3, 2, 6, 6, 1, 6, 7, 3, 8, 5, 1, 6, 9, 1, 1, 1, 7, 4, 5, 8, 6, 2, 9, 10, 9, 7, 3, 7, 4, 2, 2, 4, 2, 9, 1, 6, 4, 6, 2, 4, 2, 2, 2, 10, 5, 6, 2, 6, 10, 1, 2, 7, 6, 4] f(x) = 0.06207762415524821
Best solution in generation 14 is: x = [4, 6, 10, 1, 10, 6, 3, 3, 4, 1, 8, 9, 3, 5, 2, 2, 8, 10, 10, 10, 10, 10, 7, 10, 2, 6, 6, 6, 1, 9, 3, 10, 1, 1, 6, 9, 1, 1, 1, 7, 2, 5, 9, 6, 2, 9, 10, 9, 7, 4, 6, 4, 2, 2, 4, 3, 9, 1, 6, 4, 2, 2, 4, 5, 2, 2, 10, 5, 6, 8, 6, 10, 1, 2, 7, 6, 6] f(x) = 0.06687488374976742
Best solution in generation 15 is: x = [4, 6, 10, 1, 10, 6, 2, 3, 4, 1, 9, 9, 3, 7, 2, 4, 8, 10, 10, 10, 10, 10, 7, 3, 2, 6, 6, 3, 1, 9, 3, 10, 5, 1, 6, 9, 1, 1, 1, 7, 4, 5, 9, 6, 2, 9, 10, 9, 7, 4, 4, 4, 2, 2, 4, 8, 9, 1, 2, 2, 6, 2, 5, 2, 2, 2, 10, 5, 6, 8, 6, 10, 1, 2, 10, 6, 6] f(x) = 0.06959513919027835
Best solution in generation 16 is: x = [4, 6, 5, 1, 10, 6, 3, 3, 4, 1, 8, 9, 3, 5, 2, 2, 8, 10, 10, 10, 10, 10, 7, 10, 2, 6, 6, 6, 1, 9, 3, 10, 1, 1, 6, 9, 1, 1, 1, 7, 2, 5, 9, 6, 7, 9, 10, 9, 7, 4, 6, 4, 2, 2, 4, 3, 9, 1, 6, 4, 2, 2, 4, 5, 2, 2, 10, 5, 6, 8, 6, 10, 1, 2, 7, 6, 6] f(x) = 0.06712288424576843
Best solution in generation 17 is: x = [4, 6, 8, 1, 10, 6, 3, 3, 4, 1, 8, 9, 3, 5, 2, 2, 8, 10, 10, 10, 10, 10, 7, 10, 2, 6, 6, 6, 1, 9, 3, 10, 1, 1, 6, 9, 1, 1, 1, 7, 2, 5, 9, 6, 7, 9, 10, 9, 7, 4, 6, 4, 2, 2, 4, 3, 9, 1, 6, 4, 2, 2, 4, 5, 2, 2, 10, 5, 6, 8, 6, 6, 1, 2, 7, 6, 6] f(x) = 0.07677940355880708
Best solution in generation 18 is: x = [4, 6, 8, 1, 10, 6, 3, 3, 4, 1, 8, 9, 3, 5, 2, 2, 8, 10, 10, 10, 10, 10, 7, 10, 2, 6, 6, 6, 1, 9, 3, 10, 1, 1, 6, 9, 1, 1, 1, 7, 2, 5, 9, 6, 7, 9, 10, 9, 7, 4, 6, 4, 2, 2, 4, 3, 9, 1, 6, 4, 2, 2, 4, 5, 2, 2, 5, 5, 6, 8, 6, 6, 1, 2, 7, 6, 6] f(x) = 0.07885640771281535
Best solution in generation 19 is: x = [4, 6, 8, 1, 10, 6, 3, 3, 4, 1, 8, 9, 3, 5, 2, 2, 8, 10, 10, 10, 10, 10, 7, 10, 2, 6, 6, 6, 1, 9, 3, 10, 1, 1, 6, 9, 1, 1, 1, 7, 2, 5, 9, 6, 7, 9, 10, 9, 7, 4, 1, 4, 2, 2, 4, 3, 9, 1, 6, 4, 2, 2, 4, 5, 2, 2, 5, 5, 6, 8, 6, 6, 1, 2, 7, 6, 6] f(x) = 0.07885640771281535
Best solution in generation 20 is: x = [4, 6, 8, 1, 10, 6, 3, 3, 4, 1, 8, 9, 3, 5, 2, 2, 8, 10, 10, 10, 10, 10, 7, 10, 2, 6, 6, 6, 1, 9, 3, 10, 1, 1, 6, 9, 1, 1, 1, 7, 2, 5, 9, 6, 7, 9, 10, 9, 7, 4, 1, 4, 2, 2, 4, 3, 9, 1, 6, 4, 2, 2, 5, 5, 2, 2, 5, 5, 6, 8, 6, 6, 1, 2, 7, 6, 6] f(x) = 0.08329716659433314
Best solution in generation 21 is: x = [4, 6, 8, 1, 10, 6, 3, 3, 4, 1, 8, 9, 3, 5, 2, 2, 8, 10, 10, 10, 10, 10, 7, 10, 2, 6, 6, 6, 1, 9, 3, 10, 1, 1, 6, 9, 1, 1, 1, 7, 2, 5, 9, 6, 7, 9, 10, 9, 7, 4, 4, 4, 2, 2, 4, 3, 9, 1, 6, 4, 2, 2, 5, 5, 2, 2, 5, 5, 6, 8, 6, 6, 1, 2, 7, 6, 6] f(x) = 0.08526567053134099
Best solution in generation 22 is: x = [4, 6, 8, 1, 10, 6, 3, 3, 4, 1, 8, 9, 3, 5, 2, 2, 8, 10, 10, 10, 10, 10, 7, 10, 2, 6, 6, 6, 1, 9, 3, 10, 1, 9, 6, 9, 1, 1, 1, 7, 2, 5, 9, 6, 7, 9, 10, 9, 7, 4, 1, 4, 2, 2, 4, 3, 9, 1, 6, 4, 2, 2, 5, 5, 2, 2, 5, 5, 6, 8, 6, 6, 1, 2, 7, 6, 2] f(x) = 0.0872341744683489
Best solution in generation 23 is: x = [4, 6, 8, 1, 10, 6, 3, 3, 4, 1, 8, 9, 3, 5, 2, 2, 8, 10, 10, 10, 10, 10, 7, 10, 2, 6, 6, 6, 1, 9, 3, 10, 1, 9, 6, 9, 1, 1, 1, 7, 2, 5, 9, 6, 7, 9, 10, 9, 7, 4, 1, 4, 2, 2, 4, 3, 4, 1, 6, 4, 2, 2, 5, 5, 2, 2, 5, 5, 6, 8, 6, 6, 1, 2, 7, 6, 2] f(x) = 0.08920267840535674
Best solution in generation 24 is: x = [4, 6, 8, 1, 10, 6, 3, 3, 4, 1, 8, 9, 3, 5, 2, 2, 8, 10, 10, 10, 10, 10, 7, 10, 2, 6, 6, 6, 1, 9, 3, 10, 1, 9, 6, 9, 1, 1, 1, 7, 2, 5, 9, 6, 7, 9, 10, 9, 6, 4, 1, 4, 2, 2, 4, 3, 4, 1, 6, 4, 2, 2, 5, 5, 2, 2, 5, 5, 6, 8, 6, 6, 1, 2, 7, 6, 2] f(x) = 0.09207018414036822
Best solution in generation 25 is: x = [4, 6, 8, 1, 10, 6, 3, 3, 4, 1, 8, 9, 3, 5, 2, 2, 8, 10, 10, 10, 10, 10, 7, 10, 2, 6, 6, 6, 1, 9, 3, 10, 1, 1, 6, 9, 1, 1, 1, 7, 2, 5, 9, 6, 7, 9, 10, 4, 7, 4, 4, 4, 2, 2, 4, 3, 9, 1, 6, 4, 2, 2, 5, 5, 2, 2, 5, 5, 6, 8, 6, 6, 3, 2, 7, 6, 6] f(x) = 0.0853664207328414
Best solution in generation 26 is: x = [4, 6, 8, 1, 10, 6, 3, 3, 4, 1, 8, 9, 3, 5, 2, 2, 8, 10, 10, 10, 10, 10, 7, 10, 2, 6, 6, 6, 1, 9, 3, 10, 1, 1, 6, 1, 1, 1, 1, 7, 2, 5, 9, 6, 7, 9, 10, 9, 7, 4, 4, 4, 2, 2, 4, 3, 9, 1, 1, 4, 2, 2, 5, 5, 2, 2, 5, 5, 6, 8, 6, 6, 3, 2, 7, 6, 6] f(x) = 0.0858701717403434
Best solution in generation 27 is: x = [4, 6, 8, 1, 10, 6, 3, 3, 4, 1, 8, 2, 3, 5, 2, 2, 8, 10, 10, 10, 10, 10, 7, 10, 2, 6, 6, 6, 1, 9, 3, 10, 1, 1, 6, 1, 1, 1, 1, 7, 2, 5, 9, 6, 7, 9, 10, 9, 7, 4, 4, 4, 2, 2, 4, 3, 9, 1, 1, 4, 2, 2, 5, 5, 2, 2, 5, 5, 6, 8, 6, 6, 3, 2, 7, 6, 6] f(x) = 0.0868156736313472
Best solution in generation 28 is: x = [4, 6, 8, 1, 10, 6, 3, 3, 4, 1, 8, 2, 3, 5, 2, 2, 8, 10, 10, 10, 10, 10, 7, 10, 2, 6, 6, 6, 1, 9, 3, 10, 1, 1, 6, 1, 1, 1, 1, 7, 2, 5, 9, 6, 7, 9, 10, 9, 7, 4, 4, 4, 2, 2, 4, 3, 9, 1, 1, 4, 2, 2, 5, 2, 2, 2, 5, 5, 6, 8, 6, 6, 3, 2, 7, 6, 6] f(x) = 0.08941967883935759
Best solution in generation 29 is: x = [4, 6, 8, 1, 10, 6, 3, 3, 4, 1, 8, 1, 3, 10, 2, 6, 10, 10, 10, 10, 10, 10, 4, 10, 2, 6, 6, 6, 1, 9, 3, 10, 1, 1, 6, 9, 1, 1, 1, 7, 2, 5, 9, 6, 7, 9, 10, 9, 7, 4, 6, 2, 2, 2, 4, 3, 3, 1, 6, 4, 2, 2, 4, 5, 2, 2, 4, 5, 6, 8, 6, 10, 1, 7, 7, 7, 6] f(x) = 0.09393793787587575
Best solution in generation 30 is: x = [4, 6, 8, 1, 10, 6, 3, 3, 4, 1, 8, 1, 3, 10, 2, 6, 10, 10, 10, 10, 10, 10, 4, 10, 2, 6, 6, 6, 1, 9, 3, 10, 1, 1, 6, 9, 1, 1, 1, 7, 2, 5, 9, 6, 7, 9, 10, 9, 7, 4, 6, 2, 2, 2, 4, 3, 3, 8, 6, 4, 2, 2, 4, 5, 2, 2, 4, 5, 6, 8, 6, 10, 1, 7, 7, 7, 6] f(x) = 0.09592194184388371
Best solution in generation 31 is: x = [4, 6, 8, 1, 10, 6, 3, 3, 4, 1, 8, 1, 3, 10, 2, 6, 10, 10, 10, 10, 10, 10, 4, 10, 2, 6, 6, 6, 1, 9, 3, 10, 1, 1, 6, 9, 1, 1, 1, 7, 2, 5, 9, 6, 7, 9, 10, 9, 7, 4, 6, 2, 2, 2, 4, 3, 3, 8, 6, 4, 2, 2, 4, 5, 2, 2, 4, 5, 6, 8, 6, 10, 1, 7, 7, 7, 6] f(x) = 0.09592194184388371
Best solution in generation 32 is: x = [4, 6, 3, 1, 2, 6, 3, 4, 4, 1, 8, 9, 3, 5, 2, 2, 8, 10, 10, 10, 10, 10, 7, 10, 3, 6, 6, 6, 1, 9, 9, 10, 5, 6, 1, 9, 1, 1, 1, 7, 2, 5, 9, 6, 7, 8, 10, 7, 7, 4, 6, 4, 2, 2, 4, 3, 9, 1, 6, 10, 2, 2, 3, 5, 2, 2, 10, 5, 6, 6, 6, 10, 1, 7, 7, 6, 6] f(x) = 0.09486018972037945
Best solution in generation 33 is: x = [4, 6, 3, 1, 2, 6, 3, 4, 4, 1, 8, 9, 3, 5, 2, 2, 8, 10, 10, 10, 10, 10, 7, 10, 3, 6, 6, 6, 1, 9, 9, 10, 5, 6, 1, 9, 1, 1, 1, 7, 2, 5, 9, 6, 7, 8, 3, 7, 7, 4, 6, 4, 2, 2, 4, 3, 9, 1, 6, 10, 2, 2, 3, 5, 2, 2, 10, 5, 6, 6, 6, 10, 1, 7, 7, 6, 6] f(x) = 0.09492993985987974
Best solution in generation 34 is: x = [4, 6, 3, 1, 2, 6, 3, 4, 4, 1, 8, 6, 3, 5, 2, 2, 8, 10, 10, 10, 10, 10, 7, 10, 3, 6, 6, 6, 1, 9, 9, 10, 5, 6, 1, 9, 1, 1, 1, 7, 2, 5, 9, 6, 7, 8, 3, 7, 7, 4, 6, 4, 2, 2, 4, 3, 9, 1, 6, 10, 2, 2, 3, 5, 2, 2, 10, 5, 6, 6, 6, 10, 1, 7, 7, 6, 6] f(x) = 0.09829344658689325
Best solution in generation 35 is: x = [4, 6, 3, 1, 2, 6, 3, 4, 4, 1, 8, 6, 3, 5, 2, 2, 8, 10, 10, 10, 10, 10, 7, 10, 3, 6, 6, 6, 1, 9, 9, 10, 5, 6, 1, 9, 1, 1, 1, 7, 2, 5, 9, 6, 7, 8, 3, 7, 7, 4, 6, 4, 2, 2, 4, 3, 9, 1, 6, 10, 2, 2, 3, 8, 2, 2, 10, 5, 6, 6, 6, 10, 1, 7, 7, 6, 6] f(x) = 0.0982624465248931
Best solution in generation 36 is: x = [4, 6, 3, 1, 2, 7, 3, 4, 4, 1, 8, 9, 7, 5, 2, 2, 10, 10, 10, 10, 10, 10, 7, 10, 2, 6, 6, 6, 1, 9, 9, 10, 5, 6, 1, 9, 1, 1, 1, 7, 2, 5, 9, 9, 7, 8, 10, 7, 7, 4, 6, 4, 2, 2, 4, 3, 9, 1, 6, 4, 2, 2, 3, 5, 2, 2, 10, 5, 6, 6, 6, 10, 1, 7, 7, 6, 10] f(x) = 0.10128495256990522
Best solution in generation 37 is: x = [4, 6, 8, 2, 10, 6, 3, 3, 4, 4, 8, 9, 3, 5, 2, 6, 10, 10, 10, 10, 10, 10, 7, 10, 2, 6, 3, 6, 1, 9, 3, 10, 1, 1, 6, 9, 1, 1, 1, 8, 2, 5, 9, 9, 7, 8, 10, 9, 7, 4, 4, 4, 2, 2, 4, 5, 9, 8, 6, 4, 2, 2, 5, 5, 5, 2, 5, 5, 6, 8, 6, 6, 3, 2, 7, 6, 6] f(x) = 0.10254045508091016
Best solution in generation 38 is: x = [4, 6, 8, 2, 10, 6, 3, 3, 4, 4, 8, 9, 3, 5, 2, 6, 10, 10, 10, 10, 10, 10, 7, 10, 2, 6, 3, 6, 1, 9, 3, 10, 1, 1, 6, 9, 1, 1, 1, 2, 2, 5, 9, 9, 7, 8, 10, 9, 7, 4, 4, 4, 2, 2, 4, 5, 9, 8, 6, 4, 2, 2, 5, 5, 5, 2, 5, 5, 6, 8, 6, 6, 3, 2, 7, 6, 6] f(x) = 0.10435395870791739
Best solution in generation 39 is: x = [4, 6, 3, 1, 2, 7, 3, 4, 4, 1, 8, 9, 3, 5, 2, 2, 8, 10, 10, 10, 10, 10, 7, 10, 2, 6, 6, 6, 1, 9, 9, 10, 5, 6, 1, 9, 1, 1, 1, 8, 4, 5, 1, 6, 7, 8, 10, 7, 7, 4, 6, 4, 2, 2, 4, 3, 3, 1, 6, 4, 2, 2, 3, 5, 2, 2, 2, 5, 6, 6, 6, 10, 1, 7, 7, 6, 10] f(x) = 0.10151745303490609
Best solution in generation 40 is: x = [4, 6, 3, 1, 2, 7, 3, 4, 4, 1, 8, 9, 3, 8, 2, 2, 8, 10, 10, 10, 10, 10, 7, 10, 2, 6, 6, 6, 1, 9, 9, 5, 5, 6, 1, 9, 1, 1, 1, 8, 2, 5, 1, 6, 7, 8, 10, 7, 7, 4, 6, 4, 2, 2, 4, 2, 3, 1, 6, 4, 2, 2, 3, 5, 2, 2, 10, 5, 6, 6, 6, 6, 1, 7, 7, 6, 10] f(x) = 0.10603571207142415
Best solution in generation 41 is: x = [4, 6, 8, 1, 10, 6, 3, 7, 4, 5, 8, 9, 3, 5, 2, 6, 8, 10, 10, 10, 10, 10, 10, 10, 6, 6, 3, 6, 1, 9, 3, 10, 1, 1, 6, 9, 1, 1, 1, 7, 2, 5, 9, 9, 7, 8, 10, 9, 7, 4, 4, 4, 2, 2, 4, 5, 9, 8, 6, 4, 2, 2, 5, 5, 5, 2, 5, 5, 6, 8, 6, 6, 3, 2, 7, 6, 6] f(x) = 0.10712846425692849
Best solution in generation 42 is: x = [4, 6, 8, 1, 10, 7, 3, 7, 4, 5, 8, 9, 3, 5, 2, 6, 8, 10, 10, 10, 10, 10, 10, 10, 6, 6, 3, 6, 1, 9, 3, 10, 1, 1, 6, 9, 1, 1, 1, 7, 2, 5, 9, 9, 7, 8, 10, 9, 7, 4, 4, 4, 2, 2, 4, 5, 9, 8, 6, 4, 2, 2, 5, 5, 5, 2, 5, 5, 6, 8, 6, 6, 3, 2, 7, 6, 6] f(x) = 0.10712846425692849
Best solution in generation 43 is: x = [4, 6, 7, 1, 8, 7, 3, 4, 4, 1, 8, 9, 3, 5, 2, 2, 8, 10, 10, 10, 10, 10, 7, 10, 6, 6, 6, 6, 1, 9, 9, 10, 9, 6, 1, 9, 1, 1, 1, 7, 2, 5, 1, 6, 7, 8, 10, 7, 7, 4, 6, 4, 2, 2, 4, 3, 3, 1, 3, 4, 2, 2, 3, 5, 2, 2, 10, 5, 6, 6, 6, 5, 1, 7, 7, 6, 10] f(x) = 0.11339822679645366
Best solution in generation 44 is: x = [4, 3, 3, 1, 2, 7, 3, 4, 4, 1, 8, 9, 3, 5, 2, 2, 8, 10, 10, 10, 10, 10, 8, 10, 2, 6, 6, 6, 8, 9, 9, 10, 5, 6, 1, 9, 1, 1, 1, 7, 2, 5, 9, 6, 7, 2, 7, 7, 7, 4, 6, 4, 2, 2, 4, 3, 6, 1, 2, 2, 2, 2, 3, 5, 2, 2, 3, 5, 6, 6, 6, 10, 1, 7, 7, 6, 10] f(x) = 0.11188697377394756
Best solution in generation 45 is: x = [4, 3, 3, 1, 2, 7, 3, 4, 4, 1, 8, 9, 3, 5, 2, 2, 8, 10, 10, 10, 10, 10, 8, 10, 2, 6, 6, 6, 1, 1, 9, 10, 5, 6, 1, 9, 1, 1, 1, 7, 2, 6, 9, 6, 7, 2, 7, 7, 7, 4, 6, 4, 2, 2, 4, 3, 6, 1, 6, 4, 2, 2, 3, 5, 2, 2, 3, 5, 6, 6, 6, 10, 1, 7, 7, 6, 10] f(x) = 0.1088024676049352
Best solution in generation 46 is: x = [4, 1, 3, 1, 2, 7, 3, 4, 4, 1, 8, 9, 3, 5, 2, 2, 10, 10, 10, 10, 10, 10, 10, 10, 2, 6, 6, 6, 1, 9, 5, 10, 5, 6, 1, 9, 1, 1, 1, 7, 2, 5, 1, 6, 7, 2, 7, 7, 7, 4, 6, 4, 2, 2, 4, 3, 7, 1, 6, 4, 2, 2, 3, 5, 2, 2, 3, 5, 6, 6, 6, 10, 1, 7, 7, 6, 10] f(x) = 0.11941998883997769
Best solution in generation 47 is: x = [4, 1, 3, 1, 2, 7, 3, 4, 4, 1, 8, 9, 3, 5, 2, 2, 10, 10, 10, 10, 10, 10, 10, 10, 2, 6, 6, 6, 1, 9, 5, 10, 5, 6, 1, 9, 1, 1, 1, 7, 2, 5, 1, 6, 7, 2, 7, 7, 7, 4, 6, 4, 2, 2, 4, 7, 7, 1, 6, 4, 2, 2, 3, 5, 2, 2, 3, 5, 6, 6, 6, 10, 1, 7, 7, 6, 10] f(x) = 0.12238049476098954
Best solution in generation 48 is: x = [4, 3, 3, 1, 2, 7, 3, 4, 4, 1, 8, 1, 3, 5, 2, 2, 8, 10, 10, 10, 10, 10, 10, 10, 2, 6, 6, 6, 1, 1, 9, 10, 5, 6, 1, 9, 1, 1, 1, 7, 2, 6, 9, 6, 7, 2, 7, 7, 7, 4, 6, 4, 2, 2, 4, 3, 6, 1, 6, 4, 2, 2, 3, 5, 2, 2, 3, 5, 6, 6, 6, 10, 1, 7, 7, 6, 10] f(x) = 0.12758075516151035
Best solution in generation 49 is: x = [4, 3, 3, 1, 2, 7, 3, 4, 4, 1, 8, 1, 3, 5, 2, 2, 8, 10, 10, 10, 10, 10, 10, 10, 2, 6, 6, 6, 1, 1, 9, 10, 5, 6, 1, 9, 1, 1, 1, 7, 2, 6, 9, 6, 7, 2, 7, 7, 7, 4, 6, 4, 2, 2, 5, 3, 6, 1, 6, 4, 2, 2, 3, 5, 2, 2, 3, 5, 6, 6, 6, 10, 1, 7, 7, 6, 10] f(x) = 0.12381424762849527
Best solution in generation 50 is: x = [4, 3, 3, 1, 2, 7, 3, 4, 4, 1, 8, 1, 3, 5, 2, 2, 10, 10, 10, 10, 10, 10, 10, 10, 2, 6, 6, 6, 1, 1, 9, 10, 5, 6, 1, 9, 1, 1, 1, 7, 2, 6, 9, 6, 7, 2, 7, 7, 7, 4, 6, 4, 2, 2, 5, 3, 6, 1, 6, 4, 2, 2, 3, 5, 2, 2, 3, 5, 6, 6, 6, 10, 1, 7, 7, 6, 10] f(x) = 0.13571052142104284
Best solution in generation 51 is: x = [4, 3, 3, 1, 2, 7, 3, 4, 4, 1, 8, 1, 3, 5, 2, 2, 10, 10, 10, 10, 10, 10, 10, 10, 2, 6, 6, 6, 1, 1, 9, 10, 5, 6, 1, 9, 1, 1, 1, 7, 2, 6, 2, 6, 7, 2, 7, 7, 7, 4, 6, 4, 2, 2, 5, 3, 6, 1, 6, 4, 2, 2, 3, 5, 2, 2, 3, 5, 6, 6, 6, 10, 1, 7, 7, 6, 10] f(x) = 0.13767902535805074
Best solution in generation 52 is: x = [4, 3, 3, 1, 2, 7, 3, 4, 4, 1, 8, 1, 3, 5, 2, 8, 10, 10, 10, 10, 10, 10, 10, 10, 2, 6, 6, 6, 1, 1, 9, 10, 5, 6, 1, 9, 1, 1, 1, 7, 2, 6, 2, 6, 7, 2, 7, 7, 7, 4, 6, 4, 2, 2, 5, 3, 6, 1, 6, 4, 2, 2, 3, 5, 2, 2, 3, 5, 6, 6, 6, 10, 1, 7, 7, 6, 10] f(x) = 0.13767902535805074
Best solution in generation 53 is: x = [4, 3, 3, 1, 2, 7, 3, 4, 4, 1, 8, 1, 3, 5, 2, 2, 10, 10, 10, 10, 10, 10, 10, 10, 2, 6, 6, 6, 1, 1, 9, 10, 5, 6, 1, 9, 1, 1, 1, 7, 2, 6, 9, 6, 7, 2, 7, 7, 7, 4, 6, 4, 2, 2, 5, 3, 6, 1, 6, 4, 2, 2, 3, 1, 2, 2, 3, 7, 6, 6, 6, 10, 1, 7, 8, 6, 10] f(x) = 0.13206801413602826
Best solution in generation 54 is: x = [4, 3, 3, 1, 2, 7, 3, 4, 4, 1, 8, 1, 3, 5, 9, 2, 10, 10, 10, 10, 10, 10, 10, 10, 2, 6, 6, 6, 1, 1, 9, 10, 5, 6, 1, 9, 1, 1, 1, 7, 2, 6, 9, 6, 7, 2, 7, 7, 7, 4, 6, 4, 2, 2, 5, 3, 6, 1, 6, 4, 2, 2, 3, 1, 2, 2, 3, 7, 6, 6, 6, 10, 1, 7, 8, 6, 10] f(x) = 0.13206801413602826
Best solution in generation 55 is: x = [4, 1, 1, 1, 2, 7, 3, 4, 4, 1, 8, 9, 10, 5, 2, 2, 10, 10, 10, 10, 10, 10, 10, 10, 2, 6, 6, 6, 5, 9, 5, 10, 4, 6, 1, 9, 1, 1, 1, 7, 2, 5, 7, 6, 7, 2, 7, 7, 7, 4, 6, 9, 2, 2, 4, 7, 7, 1, 6, 4, 2, 2, 3, 5, 2, 2, 3, 5, 6, 6, 6, 6, 1, 7, 7, 6, 10] f(x) = 0.13517577035154074
Best solution in generation 56 is: x = [4, 1, 1, 1, 2, 7, 3, 4, 4, 1, 8, 9, 10, 5, 2, 2, 10, 10, 10, 10, 10, 10, 10, 10, 2, 6, 6, 6, 5, 9, 5, 10, 4, 6, 1, 9, 1, 1, 1, 7, 2, 5, 7, 6, 7, 2, 7, 7, 7, 4, 6, 9, 2, 2, 4, 7, 7, 1, 6, 4, 2, 2, 3, 5, 2, 2, 3, 5, 6, 6, 6, 6, 1, 7, 7, 6, 8] f(x) = 0.13517577035154074
Best solution in generation 57 is: x = [4, 3, 3, 1, 2, 7, 3, 7, 4, 1, 8, 1, 3, 5, 2, 2, 10, 10, 10, 10, 10, 10, 10, 10, 6, 6, 6, 6, 8, 1, 9, 10, 9, 6, 1, 9, 1, 1, 7, 7, 2, 6, 9, 6, 7, 2, 7, 7, 7, 4, 6, 4, 2, 2, 5, 3, 6, 1, 6, 4, 2, 2, 3, 1, 2, 2, 3, 1, 6, 6, 6, 10, 1, 7, 7, 6, 10] f(x) = 0.13774102548205097
Best solution in generation 58 is: x = [4, 1, 1, 1, 2, 7, 3, 4, 4, 1, 8, 9, 10, 5, 2, 2, 10, 10, 10, 10, 10, 10, 10, 10, 2, 6, 6, 6, 2, 9, 5, 10, 4, 6, 1, 9, 1, 1, 1, 7, 2, 5, 7, 6, 2, 2, 7, 7, 7, 4, 6, 9, 2, 2, 4, 7, 7, 1, 6, 4, 2, 2, 3, 5, 2, 2, 3, 5, 6, 6, 6, 6, 1, 7, 7, 6, 10] f(x) = 0.13894227788455582
Best solution in generation 59 is: x = [4, 1, 1, 1, 2, 7, 3, 4, 4, 1, 8, 9, 10, 5, 2, 2, 10, 10, 10, 10, 10, 10, 10, 10, 2, 6, 6, 6, 2, 9, 5, 10, 4, 6, 1, 9, 1, 1, 1, 7, 2, 5, 7, 6, 2, 2, 7, 7, 7, 4, 6, 9, 2, 2, 4, 7, 7, 1, 6, 4, 2, 2, 3, 5, 2, 2, 3, 5, 6, 6, 6, 6, 1, 7, 7, 6, 10] f(x) = 0.13894227788455582
Best solution in generation 60 is: x = [4, 1, 1, 1, 2, 7, 6, 4, 4, 1, 8, 9, 10, 9, 2, 2, 10, 10, 10, 10, 10, 10, 10, 10, 2, 6, 6, 6, 5, 9, 5, 10, 4, 6, 1, 9, 1, 1, 1, 7, 2, 5, 4, 10, 7, 2, 7, 7, 7, 4, 6, 9, 2, 2, 4, 7, 7, 5, 6, 4, 2, 2, 3, 5, 2, 2, 3, 5, 6, 6, 6, 6, 1, 7, 7, 6, 10] f(x) = 0.13874077748155497
Best solution in generation 61 is: x = [4, 1, 1, 1, 2, 7, 6, 4, 4, 1, 8, 9, 10, 9, 2, 2, 10, 10, 10, 10, 10, 10, 10, 10, 4, 6, 6, 6, 5, 9, 5, 10, 4, 6, 1, 9, 1, 1, 1, 7, 2, 5, 4, 10, 7, 2, 7, 7, 7, 4, 6, 9, 2, 2, 4, 7, 7, 5, 6, 4, 2, 2, 3, 5, 2, 2, 3, 5, 6, 6, 6, 6, 1, 7, 7, 6, 10] f(x) = 0.1402210304420609
Best solution in generation 62 is: x = [4, 3, 3, 4, 2, 1, 3, 4, 4, 1, 8, 1, 3, 5, 9, 2, 10, 10, 10, 10, 10, 10, 10, 10, 2, 6, 6, 6, 1, 1, 9, 10, 5, 6, 1, 9, 1, 1, 1, 7, 2, 6, 9, 6, 7, 2, 7, 7, 7, 4, 2, 4, 2, 2, 5, 4, 6, 1, 2, 4, 2, 2, 1, 1, 2, 2, 3, 7, 6, 6, 6, 10, 1, 7, 8, 6, 10] f(x) = 0.1427165354330709
Best solution in generation 63 is: x = [4, 3, 3, 4, 2, 1, 3, 4, 4, 1, 8, 1, 3, 5, 9, 1, 10, 10, 10, 10, 10, 10, 10, 10, 2, 6, 6, 6, 1, 1, 9, 10, 5, 6, 1, 9, 1, 1, 1, 7, 2, 6, 9, 6, 7, 2, 7, 7, 7, 4, 2, 4, 2, 2, 5, 4, 6, 1, 2, 4, 2, 2, 1, 1, 2, 2, 3, 7, 6, 6, 6, 10, 1, 7, 8, 6, 10] f(x) = 0.14468503937007876
Best solution in generation 64 is: x = [4, 3, 3, 4, 2, 1, 3, 4, 4, 1, 8, 1, 3, 5, 9, 1, 10, 10, 10, 10, 10, 10, 10, 10, 2, 6, 6, 6, 1, 1, 9, 10, 5, 6, 1, 9, 1, 1, 1, 7, 2, 6, 9, 6, 7, 2, 7, 7, 7, 4, 2, 4, 2, 2, 4, 4, 6, 1, 2, 4, 2, 2, 1, 1, 2, 2, 3, 7, 6, 6, 6, 10, 1, 7, 8, 6, 10] f(x) = 0.15031155062310123
Best solution in generation 65 is: x = [4, 3, 3, 4, 2, 1, 3, 4, 4, 1, 8, 1, 3, 5, 9, 1, 10, 10, 10, 10, 10, 10, 10, 10, 2, 6, 6, 6, 1, 1, 9, 10, 5, 6, 1, 9, 1, 1, 1, 5, 2, 6, 9, 6, 7, 2, 7, 7, 7, 4, 2, 4, 2, 2, 4, 4, 6, 1, 2, 4, 2, 2, 1, 1, 2, 2, 3, 7, 6, 6, 6, 10, 1, 7, 8, 6, 10] f(x) = 0.1506370512741025
Best solution in generation 66 is: x = [4, 1, 1, 1, 2, 7, 3, 3, 4, 1, 8, 9, 10, 5, 2, 2, 10, 10, 10, 10, 10, 10, 10, 10, 2, 6, 6, 6, 5, 1, 5, 10, 4, 6, 1, 9, 1, 1, 1, 7, 2, 2, 7, 6, 7, 2, 7, 7, 7, 4, 6, 9, 2, 4, 4, 7, 7, 5, 2, 5, 2, 2, 2, 5, 2, 2, 3, 5, 6, 6, 6, 6, 1, 7, 7, 10, 8] f(x) = 0.14998604997210002
Best solution in generation 67 is: x = [4, 1, 1, 1, 2, 7, 3, 3, 4, 1, 3, 9, 10, 5, 2, 2, 10, 10, 10, 10, 10, 10, 10, 10, 2, 6, 6, 6, 5, 1, 5, 10, 4, 6, 1, 9, 1, 1, 1, 7, 2, 2, 7, 6, 7, 2, 7, 7, 7, 4, 6, 9, 2, 4, 4, 7, 7, 5, 2, 5, 2, 2, 2, 5, 2, 2, 3, 5, 6, 6, 6, 6, 1, 7, 7, 10, 8] f(x) = 0.1499782999566
Best solution in generation 68 is: x = [4, 1, 1, 1, 2, 7, 3, 3, 4, 1, 8, 9, 10, 9, 2, 2, 10, 10, 10, 10, 10, 10, 10, 10, 6, 6, 6, 6, 6, 1, 4, 10, 4, 6, 1, 9, 1, 1, 1, 7, 2, 5, 7, 6, 7, 2, 7, 7, 7, 4, 6, 9, 2, 4, 4, 7, 7, 5, 1, 4, 2, 2, 2, 5, 2, 2, 3, 5, 6, 6, 6, 6, 1, 7, 7, 10, 8] f(x) = 0.15287680575361162
Best solution in generation 69 is: x = [4, 1, 1, 1, 2, 7, 3, 3, 4, 1, 8, 9, 10, 9, 2, 2, 10, 10, 10, 10, 10, 10, 10, 10, 6, 6, 6, 6, 6, 1, 4, 10, 4, 6, 1, 9, 1, 1, 1, 7, 2, 5, 7, 6, 7, 2, 7, 7, 7, 4, 6, 9, 2, 2, 4, 7, 7, 5, 1, 4, 2, 2, 2, 5, 2, 2, 3, 5, 6, 6, 6, 6, 1, 7, 7, 10, 8] f(x) = 0.15287680575361162
Best solution in generation 70 is: x = [4, 1, 1, 1, 2, 7, 3, 3, 4, 1, 8, 9, 10, 9, 2, 2, 10, 10, 10, 10, 10, 10, 10, 10, 6, 6, 6, 6, 6, 1, 4, 10, 4, 6, 1, 9, 1, 1, 1, 7, 2, 5, 7, 6, 7, 2, 7, 7, 7, 4, 6, 9, 2, 4, 4, 7, 7, 5, 1, 4, 2, 2, 2, 5, 2, 2, 3, 5, 6, 6, 6, 6, 1, 7, 7, 10, 8] f(x) = 0.15287680575361162
Best solution in generation 71 is: x = [4, 1, 1, 1, 2, 7, 3, 3, 4, 1, 3, 9, 10, 5, 2, 2, 10, 10, 10, 10, 10, 10, 10, 10, 6, 6, 6, 6, 5, 1, 5, 10, 4, 6, 1, 9, 1, 1, 1, 7, 2, 2, 7, 6, 7, 2, 7, 7, 7, 1, 6, 9, 2, 4, 4, 7, 7, 5, 2, 5, 2, 2, 2, 5, 2, 2, 3, 10, 6, 6, 6, 6, 1, 7, 2, 10, 8] f(x) = 0.15362080724161453
Best solution in generation 72 is: x = [4, 1, 1, 1, 2, 7, 3, 3, 4, 1, 3, 9, 10, 5, 2, 2, 10, 10, 10, 10, 10, 10, 10, 10, 6, 6, 6, 6, 5, 1, 5, 10, 4, 6, 1, 9, 1, 1, 1, 7, 2, 2, 7, 6, 7, 2, 7, 7, 7, 1, 6, 9, 2, 4, 4, 7, 7, 5, 2, 5, 2, 2, 2, 5, 2, 2, 3, 10, 6, 6, 6, 6, 1, 7, 2, 10, 8] f(x) = 0.15362080724161453
Best solution in generation 73 is: x = [4, 1, 1, 1, 2, 7, 3, 3, 4, 1, 3, 9, 10, 5, 2, 2, 10, 10, 10, 10, 10, 10, 10, 10, 6, 6, 6, 6, 5, 1, 5, 10, 4, 6, 1, 9, 1, 1, 1, 7, 2, 2, 7, 6, 7, 2, 7, 7, 7, 1, 6, 9, 2, 4, 4, 7, 7, 5, 2, 5, 2, 2, 2, 5, 2, 2, 3, 10, 6, 6, 6, 6, 1, 7, 2, 6, 8] f(x) = 0.16346332692665386
Best solution in generation 74 is: x = [4, 1, 1, 1, 2, 7, 3, 3, 4, 1, 3, 9, 10, 5, 2, 2, 10, 10, 10, 10, 10, 10, 10, 10, 6, 6, 6, 6, 5, 1, 5, 10, 4, 6, 1, 9, 1, 1, 1, 7, 2, 2, 8, 6, 7, 2, 7, 7, 7, 1, 6, 9, 2, 4, 4, 7, 7, 5, 2, 5, 2, 2, 2, 5, 2, 2, 3, 10, 6, 6, 6, 6, 1, 4, 2, 10, 8] f(x) = 0.1518073036146073
Best solution in generation 75 is: x = [4, 3, 3, 4, 2, 1, 4, 2, 4, 1, 8, 1, 3, 4, 9, 1, 10, 10, 10, 10, 10, 10, 10, 10, 6, 6, 6, 6, 8, 1, 9, 10, 5, 6, 1, 9, 1, 1, 1, 5, 2, 6, 9, 6, 7, 2, 7, 7, 7, 4, 2, 3, 8, 2, 4, 4, 6, 9, 2, 4, 2, 2, 1, 1, 2, 2, 3, 7, 6, 6, 6, 10, 1, 7, 6, 6, 10] f(x) = 0.15383005766011534
Best solution in generation 76 is: x = [4, 1, 1, 1, 2, 7, 3, 3, 4, 4, 3, 9, 10, 5, 2, 2, 10, 10, 10, 10, 10, 10, 10, 10, 6, 6, 6, 6, 5, 1, 5, 10, 4, 9, 1, 9, 1, 1, 1, 7, 2, 2, 8, 6, 7, 2, 7, 7, 7, 1, 6, 9, 2, 4, 4, 7, 7, 5, 2, 5, 2, 2, 2, 5, 2, 2, 3, 10, 6, 6, 6, 6, 1, 4, 2, 10, 8] f(x) = 0.15377580755161513
Best solution in generation 77 is: x = [4, 1, 1, 1, 2, 7, 3, 3, 4, 5, 3, 9, 10, 5, 2, 2, 10, 10, 10, 10, 10, 10, 10, 10, 6, 6, 6, 6, 5, 1, 5, 10, 4, 6, 1, 9, 1, 1, 1, 7, 2, 2, 8, 6, 7, 2, 7, 7, 7, 9, 6, 9, 2, 4, 4, 7, 7, 5, 2, 5, 2, 2, 2, 5, 2, 2, 3, 10, 6, 6, 6, 6, 1, 4, 2, 10, 9] f(x) = 0.1548143096286193
Best solution in generation 78 is: x = [4, 3, 3, 9, 7, 1, 4, 2, 4, 1, 8, 1, 3, 4, 9, 1, 10, 10, 10, 10, 10, 10, 10, 10, 2, 6, 6, 6, 8, 1, 9, 10, 5, 6, 1, 1, 1, 1, 1, 5, 2, 6, 9, 6, 7, 2, 7, 7, 7, 4, 2, 4, 8, 2, 4, 4, 6, 9, 2, 4, 2, 2, 1, 1, 2, 2, 3, 7, 6, 6, 6, 10, 1, 7, 6, 6, 10] f(x) = 0.15772831545663094
Best solution in generation 79 is: x = [4, 1, 1, 1, 2, 7, 3, 3, 4, 5, 3, 9, 10, 5, 2, 10, 10, 10, 10, 10, 10, 10, 10, 10, 6, 6, 6, 6, 5, 1, 5, 10, 4, 6, 1, 9, 1, 1, 1, 7, 2, 2, 8, 6, 7, 2, 8, 7, 7, 1, 6, 9, 2, 4, 4, 7, 7, 5, 2, 5, 2, 2, 2, 5, 2, 2, 2, 10, 6, 6, 6, 6, 9, 4, 2, 10, 8] f(x) = 0.16354857709715429
Best solution in generation 80 is: x = [4, 1, 1, 1, 2, 7, 3, 3, 4, 5, 3, 9, 10, 5, 2, 10, 10, 10, 10, 10, 10, 10, 10, 10, 6, 6, 6, 6, 5, 1, 5, 10, 4, 6, 1, 9, 1, 1, 1, 7, 2, 2, 8, 6, 7, 2, 8, 7, 7, 1, 6, 9, 2, 4, 4, 7, 7, 5, 2, 5, 2, 2, 2, 5, 2, 2, 2, 10, 6, 6, 6, 6, 8, 4, 2, 10, 8] f(x) = 0.16158007316014644
Best solution in generation 81 is: x = [4, 1, 1, 1, 7, 7, 3, 3, 4, 4, 8, 9, 10, 9, 2, 2, 10, 10, 10, 10, 10, 10, 10, 10, 6, 6, 6, 6, 6, 1, 4, 10, 4, 7, 1, 9, 1, 1, 1, 3, 2, 5, 7, 6, 7, 1, 7, 7, 7, 7, 6, 9, 2, 4, 4, 7, 7, 6, 3, 4, 2, 2, 2, 2, 2, 2, 3, 5, 3, 6, 6, 6, 1, 7, 7, 10, 2] f(x) = 0.15431055862111726
Best solution in generation 82 is: x = [4, 1, 1, 1, 2, 7, 3, 3, 4, 5, 3, 9, 8, 5, 2, 2, 10, 10, 10, 10, 10, 10, 10, 10, 6, 6, 6, 6, 5, 1, 5, 10, 4, 6, 1, 9, 1, 1, 1, 7, 2, 6, 8, 6, 7, 2, 7, 7, 7, 9, 6, 9, 2, 4, 4, 7, 7, 5, 2, 5, 2, 2, 2, 5, 2, 2, 6, 10, 6, 6, 6, 6, 1, 4, 2, 10, 10] f(x) = 0.16111507223014457
Best solution in generation 83 is: x = [4, 1, 1, 1, 2, 7, 3, 3, 4, 5, 3, 9, 10, 5, 2, 10, 10, 10, 10, 10, 10, 10, 10, 10, 6, 6, 6, 6, 5, 1, 5, 10, 4, 6, 1, 9, 1, 1, 1, 7, 2, 2, 8, 8, 7, 9, 8, 7, 7, 1, 6, 9, 2, 4, 4, 7, 7, 5, 2, 5, 2, 2, 2, 5, 2, 2, 2, 10, 6, 6, 6, 6, 9, 4, 2, 10, 8] f(x) = 0.15961156922313854
Best solution in generation 84 is: x = [4, 7, 3, 1, 2, 1, 4, 5, 4, 1, 8, 1, 3, 4, 9, 1, 10, 10, 10, 10, 10, 10, 10, 10, 9, 6, 6, 6, 8, 1, 9, 10, 5, 6, 1, 7, 1, 1, 1, 5, 2, 6, 9, 1, 7, 2, 7, 7, 7, 4, 2, 4, 4, 2, 4, 4, 6, 9, 2, 4, 2, 2, 2, 1, 2, 2, 3, 7, 6, 6, 6, 10, 1, 7, 6, 6, 10] f(x) = 0.158239816479633
Best solution in generation 85 is: x = [4, 1, 1, 1, 2, 7, 3, 3, 4, 5, 3, 9, 10, 5, 2, 10, 10, 10, 10, 10, 10, 10, 10, 10, 6, 6, 6, 6, 5, 1, 5, 10, 4, 6, 1, 9, 1, 1, 9, 7, 2, 6, 8, 6, 7, 9, 8, 7, 7, 1, 6, 9, 2, 4, 4, 6, 7, 5, 2, 5, 2, 2, 2, 2, 2, 10, 2, 10, 6, 6, 6, 6, 9, 4, 2, 10, 8] f(x) = 0.16099107198214405
Best solution in generation 86 is: x = [3, 3, 7, 1, 2, 1, 4, 2, 4, 1, 8, 1, 3, 4, 9, 1, 10, 10, 10, 10, 10, 10, 10, 10, 2, 6, 6, 6, 8, 1, 9, 10, 5, 6, 1, 7, 1, 1, 1, 5, 1, 6, 9, 1, 8, 2, 7, 7, 7, 4, 2, 4, 4, 2, 4, 4, 6, 9, 2, 4, 2, 2, 1, 5, 2, 2, 3, 7, 6, 6, 6, 6, 1, 9, 6, 6, 10] f(x) = 0.16115382230764472
Best solution in generation 87 is: x = [3, 3, 7, 1, 2, 1, 4, 2, 4, 1, 8, 1, 3, 4, 9, 1, 10, 10, 10, 10, 10, 10, 10, 10, 2, 6, 6, 6, 8, 1, 9, 10, 5, 6, 1, 7, 1, 1, 1, 5, 1, 6, 9, 1, 8, 2, 7, 7, 7, 4, 2, 4, 4, 2, 4, 4, 6, 9, 2, 2, 2, 2, 1, 5, 2, 2, 3, 7, 6, 6, 6, 6, 1, 9, 6, 6, 10] f(x) = 0.1681598363196728
Best solution in generation 88 is: x = [3, 3, 7, 1, 2, 1, 4, 2, 4, 1, 8, 1, 3, 4, 9, 1, 10, 10, 10, 10, 10, 10, 10, 10, 2, 6, 6, 6, 8, 1, 9, 10, 5, 6, 1, 7, 1, 1, 1, 5, 1, 6, 9, 1, 8, 2, 7, 7, 7, 4, 2, 4, 6, 2, 4, 4, 6, 9, 2, 2, 2, 2, 1, 5, 2, 2, 3, 7, 6, 6, 6, 6, 1, 9, 6, 6, 10] f(x) = 0.16619133238266487
Best solution in generation 89 is: x = [3, 3, 7, 1, 2, 1, 4, 2, 4, 1, 8, 1, 3, 4, 9, 1, 10, 10, 10, 10, 10, 10, 10, 10, 2, 6, 6, 6, 8, 1, 9, 10, 5, 6, 1, 7, 1, 1, 1, 5, 1, 6, 9, 1, 8, 2, 10, 7, 7, 4, 2, 4, 6, 2, 4, 4, 6, 9, 2, 2, 2, 2, 1, 5, 2, 2, 3, 7, 6, 6, 6, 6, 1, 9, 6, 6, 10] f(x) = 0.16412982825965666
Best solution in generation 90 is: x = [3, 3, 7, 1, 2, 1, 4, 2, 4, 1, 8, 1, 3, 4, 9, 1, 10, 10, 10, 10, 10, 10, 10, 10, 2, 6, 6, 6, 8, 1, 9, 10, 5, 6, 1, 7, 1, 1, 1, 8, 1, 6, 9, 1, 8, 2, 10, 7, 7, 4, 2, 4, 6, 2, 4, 4, 6, 9, 2, 2, 2, 2, 1, 5, 2, 2, 3, 7, 6, 6, 6, 6, 1, 9, 6, 6, 10] f(x) = 0.16414532829065676
Best solution in generation 91 is: x = [3, 3, 7, 1, 2, 1, 4, 2, 4, 1, 8, 1, 3, 4, 9, 1, 10, 10, 10, 10, 10, 10, 10, 10, 2, 6, 6, 6, 8, 1, 9, 10, 5, 6, 1, 7, 1, 1, 1, 8, 1, 6, 9, 1, 8, 2, 10, 7, 7, 4, 2, 4, 6, 2, 4, 4, 6, 9, 2, 2, 2, 2, 1, 5, 2, 2, 3, 7, 6, 6, 6, 6, 1, 9, 6, 6, 10] f(x) = 0.16414532829065676
Best solution in generation 92 is: x = [3, 3, 7, 1, 2, 1, 4, 2, 4, 1, 8, 1, 3, 4, 9, 1, 10, 10, 10, 10, 10, 10, 10, 10, 6, 6, 6, 6, 8, 1, 9, 10, 5, 6, 1, 7, 1, 1, 1, 8, 1, 6, 9, 1, 8, 2, 10, 7, 7, 4, 2, 4, 6, 2, 4, 4, 6, 9, 2, 2, 2, 2, 1, 5, 2, 2, 3, 7, 6, 6, 6, 6, 1, 9, 6, 6, 10] f(x) = 0.174700849401699
Best solution in generation 93 is: x = [3, 3, 7, 1, 2, 1, 4, 2, 4, 1, 8, 1, 3, 4, 9, 1, 10, 10, 10, 10, 10, 10, 10, 10, 6, 6, 6, 6, 8, 1, 9, 10, 5, 6, 1, 7, 1, 1, 1, 8, 1, 6, 9, 1, 8, 2, 10, 7, 7, 4, 2, 4, 6, 2, 4, 4, 6, 9, 2, 2, 2, 2, 1, 5, 2, 2, 3, 7, 6, 6, 6, 6, 1, 9, 6, 6, 10] f(x) = 0.174700849401699
Best solution in generation 94 is: x = [3, 3, 7, 1, 2, 1, 4, 2, 4, 1, 8, 1, 3, 4, 9, 1, 10, 10, 10, 10, 10, 10, 10, 10, 6, 6, 6, 6, 8, 1, 9, 10, 5, 6, 1, 7, 1, 1, 1, 8, 1, 6, 9, 1, 8, 2, 10, 7, 7, 4, 2, 4, 6, 8, 4, 4, 6, 9, 2, 2, 2, 2, 1, 5, 2, 2, 3, 7, 6, 6, 6, 6, 1, 9, 6, 6, 10] f(x) = 0.174700849401699
Best solution in generation 95 is: x = [3, 3, 7, 1, 2, 1, 4, 2, 4, 1, 8, 1, 3, 4, 9, 1, 10, 10, 10, 10, 10, 10, 10, 10, 6, 6, 6, 6, 8, 1, 9, 10, 5, 6, 1, 7, 1, 1, 1, 8, 1, 6, 9, 1, 8, 2, 10, 7, 7, 4, 2, 4, 6, 8, 4, 2, 6, 9, 2, 2, 2, 2, 1, 5, 2, 2, 3, 7, 6, 6, 6, 6, 1, 9, 6, 6, 10] f(x) = 0.17703360406720825
Best solution in generation 96 is: x = [3, 3, 6, 1, 2, 1, 4, 2, 4, 10, 8, 1, 3, 4, 9, 1, 10, 10, 10, 10, 10, 10, 10, 10, 6, 6, 6, 6, 8, 1, 9, 10, 5, 6, 1, 7, 1, 1, 1, 8, 1, 6, 9, 1, 8, 2, 10, 5, 7, 4, 2, 4, 6, 2, 4, 4, 6, 9, 2, 2, 2, 2, 1, 5, 2, 2, 3, 7, 6, 6, 6, 6, 1, 9, 6, 6, 10] f(x) = 0.1722750945501893
Best solution in generation 97 is: x = [3, 3, 6, 1, 2, 1, 4, 2, 4, 1, 8, 1, 3, 4, 9, 1, 10, 10, 10, 10, 10, 10, 10, 10, 6, 6, 6, 6, 8, 1, 9, 10, 5, 6, 1, 7, 5, 1, 1, 8, 1, 6, 9, 1, 8, 2, 10, 7, 7, 4, 2, 4, 6, 2, 4, 4, 6, 9, 2, 2, 2, 2, 1, 5, 2, 2, 3, 7, 6, 6, 6, 6, 1, 9, 6, 6, 10] f(x) = 0.16495132990265993
Best solution in generation 98 is: x = [3, 3, 6, 1, 2, 1, 4, 2, 1, 1, 8, 1, 3, 4, 9, 1, 10, 10, 10, 10, 10, 10, 10, 10, 6, 6, 6, 6, 8, 1, 9, 10, 5, 6, 1, 7, 5, 1, 1, 8, 1, 6, 9, 1, 8, 2, 10, 7, 7, 4, 2, 4, 6, 2, 4, 4, 6, 9, 2, 2, 2, 2, 1, 5, 2, 2, 3, 7, 6, 6, 6, 6, 1, 9, 6, 6, 10] f(x) = 0.16495132990265993
Best solution in generation 99 is: x = [3, 3, 7, 1, 6, 1, 4, 2, 4, 1, 8, 1, 3, 1, 9, 1, 10, 10, 10, 10, 10, 10, 10, 10, 2, 6, 7, 6, 8, 1, 9, 10, 5, 6, 1, 7, 1, 1, 1, 8, 6, 6, 5, 1, 8, 2, 10, 7, 7, 4, 2, 4, 6, 2, 4, 4, 6, 9, 2, 2, 2, 2, 1, 5, 2, 2, 10, 7, 6, 6, 6, 6, 3, 9, 6, 6, 10] f(x) = 0.16502883005766028
Best solution in generation 100 is: x = [3, 3, 7, 1, 6, 1, 4, 2, 3, 1, 8, 1, 3, 1, 9, 1, 10, 10, 10, 10, 10, 10, 10, 10, 2, 6, 7, 6, 8, 1, 9, 10, 5, 6, 1, 7, 1, 1, 1, 8, 6, 6, 5, 1, 8, 2, 10, 7, 7, 4, 2, 4, 6, 2, 4, 4, 6, 9, 2, 2, 2, 2, 1, 5, 2, 2, 10, 7, 6, 6, 6, 6, 3, 9, 6, 6, 10] f(x) = 0.16699733399466818
Best repres&fitness: [3, 3, 7, 1, 2, 1, 4, 2, 4, 1, 8, 1, 3, 4, 9, 1, 10, 10, 10, 10, 10, 10, 10, 10, 6, 6, 6, 6, 8, 1, 9, 10, 5, 6, 1, 7, 1, 1, 1, 8, 1, 6, 9, 1, 8, 2, 10, 7, 7, 4, 2, 4, 6, 8, 4, 2, 6, 9, 2, 2, 2, 2, 1, 5, 2, 2, 3, 7, 6, 6, 6, 6, 1, 9, 6, 6, 10] 0.17703360406720825
Nr. de comunitati: 10
Node - culoare comunitate: 
0 - 3
1 - 3
2 - 7
3 - 1
4 - 2
5 - 1
6 - 4
7 - 2
8 - 4
9 - 1
10 - 8
11 - 1
12 - 3
13 - 4
14 - 9
15 - 1
16 - 10
17 - 10
18 - 10
19 - 10
20 - 10
21 - 10
22 - 10
23 - 10
24 - 6
25 - 6
26 - 6
27 - 6
28 - 8
29 - 1
30 - 9
31 - 10
32 - 5
33 - 6
34 - 1
35 - 7
36 - 1
37 - 1
38 - 1
39 - 8
40 - 1
41 - 6
42 - 9
43 - 1
44 - 8
45 - 2
46 - 10
47 - 7
48 - 7
49 - 4
50 - 2
51 - 4
52 - 6
53 - 8
54 - 4
55 - 2
56 - 6
57 - 9
58 - 2
59 - 2
60 - 2
61 - 2
62 - 1
63 - 5
64 - 2
65 - 2
66 - 3
67 - 7
68 - 6
69 - 6
70 - 6
71 - 6
72 - 1
73 - 9
74 - 6
75 - 6
76 - 10
